   0 0  0 0  0 0
   1 0  0 0  0 1
   2 0  0 0  0 2
   3 0  0 0  0 3
   4 0  0 0  1 0
   5 0  0 0  1 1
   6 0  0 0  1 2
   7 0  0 0  1 3
   8 0  0 0  2 0
   9 0  0 0  2 1
  10 0  0 0  2 2
  11 0  0 0  2 3
  20 0  0 0  5 0
  21 0  0 0  5 1
  22 0  0 0  5 2
  23 0  0 0  5 3
  24 0  0 0  6 0
  25 0  0 0  6 1
  26 0  0 0  6 2
  27 0  0 0  6 3
  28 0  0 0  7 0
  29 0  0 0  7 1
  30 0  0 0  7 2
  31 0  0 0  7 3
  32 0  0 0  8 0
  33 0  0 0  8 1
  34 0  0 0  8 2
  35 0  0 0  8 3
  36 0  0 0  9 0
  37 0  0 0  9 1
  38 0  0 0  9 2
  39 0  0 0  9 3
  40 0  0 0 10 0
  41 0  0 0 10 1
  42 0  0 0 10 2
  43 0  0 0 10 3
  44 0  0 0 11 0
  45 0  0 0 11 1
  46 0  0 0 11 2
  47 0  0 0 11 3
  52 0  0 0 13 0
  53 0  0 0 13 1
  54 0  0 0 13 2
  55 0  0 0 13 3
  56 0  0 0 14 0
  57 0  0 0 14 1
  58 0  0 0 14 2
  59 0  0 0 14 3
  60 0  0 0 15 0
  61 0  0 0 15 1
  62 0  0 0 15 2
  63 0  0 0 15 3
  64 0  0 1  0 0
  65 0  0 1  0 1
  66 0  0 1  0 2
  67 0  0 1  0 3
  68 0  0 1  1 0
  69 0  0 1  1 1
  70 0  0 1  1 2
  71 0  0 1  1 3
  72 0  0 1  2 0
  73 0  0 1  2 1
  74 0  0 1  2 2
  75 0  0 1  2 3
  84 0  0 1  5 0
  85 0  0 1  5 1
  86 0  0 1  5 2
  87 0  0 1  5 3
  88 0  0 1  6 0
  89 0  0 1  6 1
  90 0  0 1  6 2
  91 0  0 1  6 3
  92 0  0 1  7 0
  93 0  0 1  7 1
  94 0  0 1  7 2
  95 0  0 1  7 3
  96 0  0 1  8 0
  97 0  0 1  8 1
  98 0  0 1  8 2
  99 0  0 1  8 3
 100 0  0 1  9 0
 101 0  0 1  9 1
 102 0  0 1  9 2
 103 0  0 1  9 3
 104 0  0 1 10 0
 105 0  0 1 10 1
 106 0  0 1 10 2
 107 0  0 1 10 3
 108 0  0 1 11 0
 109 0  0 1 11 1
 110 0  0 1 11 2
 111 0  0 1 11 3
 112 0  0 1 12 0
 113 0  0 1 12 1
 114 0  0 1 12 2
 115 0  0 1 12 3
 116 0  0 1 13 0
 117 0  0 1 13 1
 118 0  0 1 13 2
 119 0  0 1 13 3
 120 0  0 1 14 0
 121 0  0 1 14 1
 122 0  0 1 14 2
 123 0  0 1 14 3
 124 0  0 1 15 0
 125 0  0 1 15 1
 126 0  0 1 15 2
 127 0  0 1 15 3
 128 0  0 2  0 0
 129 0  0 2  0 1
 130 0  0 2  0 2
 131 0  0 2  0 3
 132 0  0 2  1 0
 133 0  0 2  1 1
 134 0  0 2  1 2
 135 0  0 2  1 3
 136 0  0 2  2 0
 137 0  0 2  2 1
 138 0  0 2  2 2
 139 0  0 2  2 3
 148 0  0 2  5 0
 149 0  0 2  5 1
 150 0  0 2  5 2
 151 0  0 2  5 3
 152 0  0 2  6 0
 153 0  0 2  6 1
 154 0  0 2  6 2
 155 0  0 2  6 3
 156 0  0 2  7 0
 157 0  0 2  7 1
 158 0  0 2  7 2
 159 0  0 2  7 3
 160 0  0 2  8 0
 161 0  0 2  8 1
 162 0  0 2  8 2
 163 0  0 2  8 3
 164 0  0 2  9 0
 165 0  0 2  9 1
 166 0  0 2  9 2
 167 0  0 2  9 3
 168 0  0 2 10 0
 169 0  0 2 10 1
 170 0  0 2 10 2
 171 0  0 2 10 3
 172 0  0 2 11 0
 173 0  0 2 11 1
 174 0  0 2 11 2
 175 0  0 2 11 3
 176 0  0 2 12 0
 177 0  0 2 12 1
 178 0  0 2 12 2
 179 0  0 2 12 3
 180 0  0 2 13 0
 181 0  0 2 13 1
 182 0  0 2 13 2
 183 0  0 2 13 3
 184 0  0 2 14 0
 185 0  0 2 14 1
 186 0  0 2 14 2
 187 0  0 2 14 3
 188 0  0 2 15 0
 189 0  0 2 15 1
 190 0  0 2 15 2
 191 0  0 2 15 3
 192 0  1 0  0 0
 193 0  1 0  0 1
 194 0  1 0  0 2
 195 0  1 0  0 3
 196 0  1 0  1 0
 197 0  1 0  1 1
 198 0  1 0  1 2
 199 0  1 0  1 3
 200 0  1 0  2 0
 201 0  1 0  2 1
 202 0  1 0  2 2
 203 0  1 0  2 3
 204 0  1 0  3 0
 205 0  1 0  3 1
 206 0  1 0  3 2
 207 0  1 0  3 3
 208 0  1 0  4 0
 209 0  1 0  4 1
 210 0  1 0  4 2
 211 0  1 0  4 3
 212 0  1 0  5 0
 213 0  1 0  5 1
 214 0  1 0  5 2
 215 0  1 0  5 3
 216 0  1 0  6 0
 217 0  1 0  6 1
 218 0  1 0  6 2
 219 0  1 0  6 3
 220 0  1 0  7 0
 221 0  1 0  7 1
 222 0  1 0  7 2
 223 0  1 0  7 3
 224 0  1 0  8 0
 225 0  1 0  8 1
 226 0  1 0  8 2
 227 0  1 0  8 3
 228 0  1 0  9 0
 229 0  1 0  9 1
 230 0  1 0  9 2
 231 0  1 0  9 3
 232 0  1 0 10 0
 233 0  1 0 10 1
 234 0  1 0 10 2
 235 0  1 0 10 3
 236 0  1 0 11 0
 237 0  1 0 11 1
 238 0  1 0 11 2
 239 0  1 0 11 3
 240 0  1 0 12 0
 241 0  1 0 12 1
 242 0  1 0 12 2
 243 0  1 0 12 3
 244 0  1 0 13 0
 245 0  1 0 13 1
 246 0  1 0 13 2
 247 0  1 0 13 3
 248 0  1 0 14 0
 249 0  1 0 14 1
 250 0  1 0 14 2
 251 0  1 0 14 3
 252 0  1 0 15 0
 253 0  1 0 15 1
 254 0  1 0 15 2
 255 0  1 0 15 3
 256 0  1 1  0 0
 257 0  1 1  0 1
 258 0  1 1  0 2
 259 0  1 1  0 3
 260 0  1 1  1 0
 261 0  1 1  1 1
 262 0  1 1  1 2
 263 0  1 1  1 3
 264 0  1 1  2 0
 265 0  1 1  2 1
 266 0  1 1  2 2
 267 0  1 1  2 3
 268 0  1 1  3 0
 269 0  1 1  3 1
 270 0  1 1  3 2
 271 0  1 1  3 3
 272 0  1 1  4 0
 273 0  1 1  4 1
 274 0  1 1  4 2
 275 0  1 1  4 3
 276 0  1 1  5 0
 277 0  1 1  5 1
 278 0  1 1  5 2
 279 0  1 1  5 3
 280 0  1 1  6 0
 281 0  1 1  6 1
 282 0  1 1  6 2
 283 0  1 1  6 3
 284 0  1 1  7 0
 285 0  1 1  7 1
 286 0  1 1  7 2
 287 0  1 1  7 3
 288 0  1 1  8 0
 289 0  1 1  8 1
 290 0  1 1  8 2
 291 0  1 1  8 3
 292 0  1 1  9 0
 293 0  1 1  9 1
 294 0  1 1  9 2
 295 0  1 1  9 3
 296 0  1 1 10 0
 297 0  1 1 10 1
 298 0  1 1 10 2
 299 0  1 1 10 3
 300 0  1 1 11 0
 301 0  1 1 11 1
 302 0  1 1 11 2
 303 0  1 1 11 3
 304 0  1 1 12 0
 305 0  1 1 12 1
 306 0  1 1 12 2
 307 0  1 1 12 3
 308 0  1 1 13 0
 309 0  1 1 13 1
 310 0  1 1 13 2
 311 0  1 1 13 3
 312 0  1 1 14 0
 313 0  1 1 14 1
 314 0  1 1 14 2
 315 0  1 1 14 3
 316 0  1 1 15 0
 317 0  1 1 15 1
 318 0  1 1 15 2
 319 0  1 1 15 3
 320 0  1 2  0 0
 321 0  1 2  0 1
 322 0  1 2  0 2
 323 0  1 2  0 3
 324 0  1 2  1 0
 325 0  1 2  1 1
 326 0  1 2  1 2
 327 0  1 2  1 3
 328 0  1 2  2 0
 329 0  1 2  2 1
 330 0  1 2  2 2
 331 0  1 2  2 3
 332 0  1 2  3 0
 333 0  1 2  3 1
 334 0  1 2  3 2
 335 0  1 2  3 3
 336 0  1 2  4 0
 337 0  1 2  4 1
 338 0  1 2  4 2
 339 0  1 2  4 3
 340 0  1 2  5 0
 341 0  1 2  5 1
 342 0  1 2  5 2
 343 0  1 2  5 3
 344 0  1 2  6 0
 345 0  1 2  6 1
 346 0  1 2  6 2
 347 0  1 2  6 3
 348 0  1 2  7 0
 349 0  1 2  7 1
 350 0  1 2  7 2
 351 0  1 2  7 3
 352 0  1 2  8 0
 353 0  1 2  8 1
 354 0  1 2  8 2
 355 0  1 2  8 3
 356 0  1 2  9 0
 357 0  1 2  9 1
 358 0  1 2  9 2
 359 0  1 2  9 3
 360 0  1 2 10 0
 361 0  1 2 10 1
 362 0  1 2 10 2
 363 0  1 2 10 3
 364 0  1 2 11 0
 365 0  1 2 11 1
 366 0  1 2 11 2
 367 0  1 2 11 3
 368 0  1 2 12 0
 369 0  1 2 12 1
 370 0  1 2 12 2
 371 0  1 2 12 3
 372 0  1 2 13 0
 373 0  1 2 13 1
 374 0  1 2 13 2
 375 0  1 2 13 3
 376 0  1 2 14 0
 377 0  1 2 14 1
 378 0  1 2 14 2
 379 0  1 2 14 3
 380 0  1 2 15 0
 381 0  1 2 15 1
 382 0  1 2 15 2
 383 0  1 2 15 3
 384 0  2 0  0 0
 385 0  2 0  0 1
 386 0  2 0  0 2
 387 0  2 0  0 3
 388 0  2 0  1 0
 389 0  2 0  1 1
 390 0  2 0  1 2
 391 0  2 0  1 3
 392 0  2 0  2 0
 393 0  2 0  2 1
 394 0  2 0  2 2
 395 0  2 0  2 3
 404 0  2 0  5 0
 405 0  2 0  5 1
 406 0  2 0  5 2
 407 0  2 0  5 3
 408 0  2 0  6 0
 409 0  2 0  6 1
 410 0  2 0  6 2
 411 0  2 0  6 3
 412 0  2 0  7 0
 413 0  2 0  7 1
 414 0  2 0  7 2
 415 0  2 0  7 3
 416 0  2 0  8 0
 417 0  2 0  8 1
 418 0  2 0  8 2
 419 0  2 0  8 3
 420 0  2 0  9 0
 421 0  2 0  9 1
 422 0  2 0  9 2
 423 0  2 0  9 3
 424 0  2 0 10 0
 425 0  2 0 10 1
 426 0  2 0 10 2
 427 0  2 0 10 3
 428 0  2 0 11 0
 429 0  2 0 11 1
 430 0  2 0 11 2
 431 0  2 0 11 3
 432 0  2 0 12 0
 433 0  2 0 12 1
 434 0  2 0 12 2
 435 0  2 0 12 3
 436 0  2 0 13 0
 437 0  2 0 13 1
 438 0  2 0 13 2
 439 0  2 0 13 3
 440 0  2 0 14 0
 441 0  2 0 14 1
 442 0  2 0 14 2
 443 0  2 0 14 3
 444 0  2 0 15 0
 445 0  2 0 15 1
 446 0  2 0 15 2
 447 0  2 0 15 3
 448 0  2 1  0 0
 449 0  2 1  0 1
 450 0  2 1  0 2
 451 0  2 1  0 3
 452 0  2 1  1 0
 453 0  2 1  1 1
 454 0  2 1  1 2
 455 0  2 1  1 3
 456 0  2 1  2 0
 457 0  2 1  2 1
 458 0  2 1  2 2
 459 0  2 1  2 3
 468 0  2 1  5 0
 469 0  2 1  5 1
 470 0  2 1  5 2
 471 0  2 1  5 3
 472 0  2 1  6 0
 473 0  2 1  6 1
 474 0  2 1  6 2
 475 0  2 1  6 3
 476 0  2 1  7 0
 477 0  2 1  7 1
 478 0  2 1  7 2
 479 0  2 1  7 3
 480 0  2 1  8 0
 481 0  2 1  8 1
 482 0  2 1  8 2
 483 0  2 1  8 3
 484 0  2 1  9 0
 485 0  2 1  9 1
 486 0  2 1  9 2
 487 0  2 1  9 3
 488 0  2 1 10 0
 489 0  2 1 10 1
 490 0  2 1 10 2
 491 0  2 1 10 3
 492 0  2 1 11 0
 493 0  2 1 11 1
 494 0  2 1 11 2
 495 0  2 1 11 3
 496 0  2 1 12 0
 497 0  2 1 12 1
 498 0  2 1 12 2
 499 0  2 1 12 3
 500 0  2 1 13 0
 501 0  2 1 13 1
 502 0  2 1 13 2
 503 0  2 1 13 3
 504 0  2 1 14 0
 505 0  2 1 14 1
 506 0  2 1 14 2
 507 0  2 1 14 3
 508 0  2 1 15 0
 509 0  2 1 15 1
 510 0  2 1 15 2
 511 0  2 1 15 3
 512 0  2 2  0 0
 513 0  2 2  0 1
 514 0  2 2  0 2
 515 0  2 2  0 3
 516 0  2 2  1 0
 517 0  2 2  1 1
 518 0  2 2  1 2
 519 0  2 2  1 3
 520 0  2 2  2 0
 521 0  2 2  2 1
 522 0  2 2  2 2
 523 0  2 2  2 3
 532 0  2 2  5 0
 533 0  2 2  5 1
 534 0  2 2  5 2
 535 0  2 2  5 3
 536 0  2 2  6 0
 537 0  2 2  6 1
 538 0  2 2  6 2
 539 0  2 2  6 3
 540 0  2 2  7 0
 541 0  2 2  7 1
 542 0  2 2  7 2
 543 0  2 2  7 3
 544 0  2 2  8 0
 545 0  2 2  8 1
 546 0  2 2  8 2
 547 0  2 2  8 3
 548 0  2 2  9 0
 549 0  2 2  9 1
 550 0  2 2  9 2
 551 0  2 2  9 3
 552 0  2 2 10 0
 553 0  2 2 10 1
 554 0  2 2 10 2
 555 0  2 2 10 3
 556 0  2 2 11 0
 557 0  2 2 11 1
 558 0  2 2 11 2
 559 0  2 2 11 3
 560 0  2 2 12 0
 561 0  2 2 12 1
 562 0  2 2 12 2
 563 0  2 2 12 3
 564 0  2 2 13 0
 565 0  2 2 13 1
 566 0  2 2 13 2
 567 0  2 2 13 3
 568 0  2 2 14 0
 569 0  2 2 14 1
 570 0  2 2 14 2
 571 0  2 2 14 3
 572 0  2 2 15 0
 573 0  2 2 15 1
 574 0  2 2 15 2
 575 0  2 2 15 3
 576 0  3 0  0 0
 577 0  3 0  0 1
 578 0  3 0  0 2
 579 0  3 0  0 3
 580 0  3 0  1 0
 581 0  3 0  1 1
 582 0  3 0  1 2
 583 0  3 0  1 3
 584 0  3 0  2 0
 585 0  3 0  2 1
 586 0  3 0  2 2
 587 0  3 0  2 3
 588 0  3 0  3 0
 589 0  3 0  3 1
 590 0  3 0  3 2
 591 0  3 0  3 3
 592 0  3 0  4 0
 593 0  3 0  4 1
 594 0  3 0  4 2
 595 0  3 0  4 3
 596 0  3 0  5 0
 597 0  3 0  5 1
 598 0  3 0  5 2
 599 0  3 0  5 3
 600 0  3 0  6 0
 601 0  3 0  6 1
 602 0  3 0  6 2
 603 0  3 0  6 3
 604 0  3 0  7 0
 605 0  3 0  7 1
 606 0  3 0  7 2
 607 0  3 0  7 3
 608 0  3 0  8 0
 609 0  3 0  8 1
 610 0  3 0  8 2
 611 0  3 0  8 3
 612 0  3 0  9 0
 613 0  3 0  9 1
 614 0  3 0  9 2
 615 0  3 0  9 3
 616 0  3 0 10 0
 617 0  3 0 10 1
 618 0  3 0 10 2
 619 0  3 0 10 3
 620 0  3 0 11 0
 621 0  3 0 11 1
 622 0  3 0 11 2
 623 0  3 0 11 3
 624 0  3 0 12 0
 625 0  3 0 12 1
 626 0  3 0 12 2
 627 0  3 0 12 3
 628 0  3 0 13 0
 629 0  3 0 13 1
 630 0  3 0 13 2
 631 0  3 0 13 3
 632 0  3 0 14 0
 633 0  3 0 14 1
 634 0  3 0 14 2
 635 0  3 0 14 3
 636 0  3 0 15 0
 637 0  3 0 15 1
 638 0  3 0 15 2
 639 0  3 0 15 3
 640 0  3 1  0 0
 641 0  3 1  0 1
 642 0  3 1  0 2
 643 0  3 1  0 3
 644 0  3 1  1 0
 645 0  3 1  1 1
 646 0  3 1  1 2
 647 0  3 1  1 3
 648 0  3 1  2 0
 649 0  3 1  2 1
 650 0  3 1  2 2
 651 0  3 1  2 3
 652 0  3 1  3 0
 653 0  3 1  3 1
 654 0  3 1  3 2
 655 0  3 1  3 3
 656 0  3 1  4 0
 657 0  3 1  4 1
 658 0  3 1  4 2
 659 0  3 1  4 3
 660 0  3 1  5 0
 661 0  3 1  5 1
 662 0  3 1  5 2
 663 0  3 1  5 3
 664 0  3 1  6 0
 665 0  3 1  6 1
 666 0  3 1  6 2
 667 0  3 1  6 3
 668 0  3 1  7 0
 669 0  3 1  7 1
 670 0  3 1  7 2
 671 0  3 1  7 3
 672 0  3 1  8 0
 673 0  3 1  8 1
 674 0  3 1  8 2
 675 0  3 1  8 3
 676 0  3 1  9 0
 677 0  3 1  9 1
 678 0  3 1  9 2
 679 0  3 1  9 3
 680 0  3 1 10 0
 681 0  3 1 10 1
 682 0  3 1 10 2
 683 0  3 1 10 3
 684 0  3 1 11 0
 685 0  3 1 11 1
 686 0  3 1 11 2
 687 0  3 1 11 3
 688 0  3 1 12 0
 689 0  3 1 12 1
 690 0  3 1 12 2
 691 0  3 1 12 3
 692 0  3 1 13 0
 693 0  3 1 13 1
 694 0  3 1 13 2
 695 0  3 1 13 3
 696 0  3 1 14 0
 697 0  3 1 14 1
 698 0  3 1 14 2
 699 0  3 1 14 3
 700 0  3 1 15 0
 701 0  3 1 15 1
 702 0  3 1 15 2
 703 0  3 1 15 3
 704 0  3 2  0 0
 705 0  3 2  0 1
 706 0  3 2  0 2
 707 0  3 2  0 3
 708 0  3 2  1 0
 709 0  3 2  1 1
 710 0  3 2  1 2
 711 0  3 2  1 3
 712 0  3 2  2 0
 713 0  3 2  2 1
 714 0  3 2  2 2
 715 0  3 2  2 3
 716 0  3 2  3 0
 717 0  3 2  3 1
 718 0  3 2  3 2
 719 0  3 2  3 3
 720 0  3 2  4 0
 721 0  3 2  4 1
 722 0  3 2  4 2
 723 0  3 2  4 3
 724 0  3 2  5 0
 725 0  3 2  5 1
 726 0  3 2  5 2
 727 0  3 2  5 3
 728 0  3 2  6 0
 729 0  3 2  6 1
 730 0  3 2  6 2
 731 0  3 2  6 3
 732 0  3 2  7 0
 733 0  3 2  7 1
 734 0  3 2  7 2
 735 0  3 2  7 3
 736 0  3 2  8 0
 737 0  3 2  8 1
 738 0  3 2  8 2
 739 0  3 2  8 3
 740 0  3 2  9 0
 741 0  3 2  9 1
 742 0  3 2  9 2
 743 0  3 2  9 3
 744 0  3 2 10 0
 745 0  3 2 10 1
 746 0  3 2 10 2
 747 0  3 2 10 3
 748 0  3 2 11 0
 749 0  3 2 11 1
 750 0  3 2 11 2
 751 0  3 2 11 3
 752 0  3 2 12 0
 753 0  3 2 12 1
 754 0  3 2 12 2
 755 0  3 2 12 3
 756 0  3 2 13 0
 757 0  3 2 13 1
 758 0  3 2 13 2
 759 0  3 2 13 3
 760 0  3 2 14 0
 761 0  3 2 14 1
 762 0  3 2 14 2
 763 0  3 2 14 3
 764 0  3 2 15 0
 765 0  3 2 15 1
 766 0  3 2 15 2
 767 0  3 2 15 3
 768 0  4 0  0 0
 769 0  4 0  0 1
 770 0  4 0  0 2
 771 0  4 0  0 3
 772 0  4 0  1 0
 773 0  4 0  1 1
 774 0  4 0  1 2
 775 0  4 0  1 3
 776 0  4 0  2 0
 777 0  4 0  2 1
 778 0  4 0  2 2
 779 0  4 0  2 3
 788 0  4 0  5 0
 789 0  4 0  5 1
 790 0  4 0  5 2
 791 0  4 0  5 3
 792 0  4 0  6 0
 793 0  4 0  6 1
 794 0  4 0  6 2
 795 0  4 0  6 3
 796 0  4 0  7 0
 797 0  4 0  7 1
 798 0  4 0  7 2
 799 0  4 0  7 3
 800 0  4 0  8 0
 801 0  4 0  8 1
 802 0  4 0  8 2
 803 0  4 0  8 3
 804 0  4 0  9 0
 805 0  4 0  9 1
 806 0  4 0  9 2
 807 0  4 0  9 3
 808 0  4 0 10 0
 809 0  4 0 10 1
 810 0  4 0 10 2
 811 0  4 0 10 3
 812 0  4 0 11 0
 813 0  4 0 11 1
 814 0  4 0 11 2
 815 0  4 0 11 3
 820 0  4 0 13 0
 821 0  4 0 13 1
 822 0  4 0 13 2
 823 0  4 0 13 3
 824 0  4 0 14 0
 825 0  4 0 14 1
 826 0  4 0 14 2
 827 0  4 0 14 3
 828 0  4 0 15 0
 829 0  4 0 15 1
 830 0  4 0 15 2
 831 0  4 0 15 3
 832 0  4 1  0 0
 833 0  4 1  0 1
 834 0  4 1  0 2
 835 0  4 1  0 3
 836 0  4 1  1 0
 837 0  4 1  1 1
 838 0  4 1  1 2
 839 0  4 1  1 3
 840 0  4 1  2 0
 841 0  4 1  2 1
 842 0  4 1  2 2
 843 0  4 1  2 3
 852 0  4 1  5 0
 853 0  4 1  5 1
 854 0  4 1  5 2
 855 0  4 1  5 3
 856 0  4 1  6 0
 857 0  4 1  6 1
 858 0  4 1  6 2
 859 0  4 1  6 3
 860 0  4 1  7 0
 861 0  4 1  7 1
 862 0  4 1  7 2
 863 0  4 1  7 3
 864 0  4 1  8 0
 865 0  4 1  8 1
 866 0  4 1  8 2
 867 0  4 1  8 3
 868 0  4 1  9 0
 869 0  4 1  9 1
 870 0  4 1  9 2
 871 0  4 1  9 3
 872 0  4 1 10 0
 873 0  4 1 10 1
 874 0  4 1 10 2
 875 0  4 1 10 3
 876 0  4 1 11 0
 877 0  4 1 11 1
 878 0  4 1 11 2
 879 0  4 1 11 3
 880 0  4 1 12 0
 881 0  4 1 12 1
 882 0  4 1 12 2
 883 0  4 1 12 3
 884 0  4 1 13 0
 885 0  4 1 13 1
 886 0  4 1 13 2
 887 0  4 1 13 3
 888 0  4 1 14 0
 889 0  4 1 14 1
 890 0  4 1 14 2
 891 0  4 1 14 3
 892 0  4 1 15 0
 893 0  4 1 15 1
 894 0  4 1 15 2
 895 0  4 1 15 3
 896 0  4 2  0 0
 897 0  4 2  0 1
 898 0  4 2  0 2
 899 0  4 2  0 3
 900 0  4 2  1 0
 901 0  4 2  1 1
 902 0  4 2  1 2
 903 0  4 2  1 3
 904 0  4 2  2 0
 905 0  4 2  2 1
 906 0  4 2  2 2
 907 0  4 2  2 3
 916 0  4 2  5 0
 917 0  4 2  5 1
 918 0  4 2  5 2
 919 0  4 2  5 3
 920 0  4 2  6 0
 921 0  4 2  6 1
 922 0  4 2  6 2
 923 0  4 2  6 3
 924 0  4 2  7 0
 925 0  4 2  7 1
 926 0  4 2  7 2
 927 0  4 2  7 3
 928 0  4 2  8 0
 929 0  4 2  8 1
 930 0  4 2  8 2
 931 0  4 2  8 3
 932 0  4 2  9 0
 933 0  4 2  9 1
 934 0  4 2  9 2
 935 0  4 2  9 3
 936 0  4 2 10 0
 937 0  4 2 10 1
 938 0  4 2 10 2
 939 0  4 2 10 3
 940 0  4 2 11 0
 941 0  4 2 11 1
 942 0  4 2 11 2
 943 0  4 2 11 3
 944 0  4 2 12 0
 945 0  4 2 12 1
 946 0  4 2 12 2
 947 0  4 2 12 3
 948 0  4 2 13 0
 949 0  4 2 13 1
 950 0  4 2 13 2
 951 0  4 2 13 3
 952 0  4 2 14 0
 953 0  4 2 14 1
 954 0  4 2 14 2
 955 0  4 2 14 3
 956 0  4 2 15 0
 957 0  4 2 15 1
 958 0  4 2 15 2
 959 0  4 2 15 3
 960 0  5 0  0 0
 961 0  5 0  0 1
 962 0  5 0  0 2
 963 0  5 0  0 3
 964 0  5 0  1 0
 965 0  5 0  1 1
 966 0  5 0  1 2
 967 0  5 0  1 3
 968 0  5 0  2 0
 969 0  5 0  2 1
 970 0  5 0  2 2
 971 0  5 0  2 3
 972 0  5 0  3 0
 973 0  5 0  3 1
 974 0  5 0  3 2
 975 0  5 0  3 3
 976 0  5 0  4 0
 977 0  5 0  4 1
 978 0  5 0  4 2
 979 0  5 0  4 3
 980 0  5 0  5 0
 981 0  5 0  5 1
 982 0  5 0  5 2
 983 0  5 0  5 3
 984 0  5 0  6 0
 985 0  5 0  6 1
 986 0  5 0  6 2
 987 0  5 0  6 3
 988 0  5 0  7 0
 989 0  5 0  7 1
 990 0  5 0  7 2
 991 0  5 0  7 3
 992 0  5 0  8 0
 993 0  5 0  8 1
 994 0  5 0  8 2
 995 0  5 0  8 3
 996 0  5 0  9 0
 997 0  5 0  9 1
 998 0  5 0  9 2
 999 0  5 0  9 3
1000 0  5 0 10 0
1001 0  5 0 10 1
1002 0  5 0 10 2
1003 0  5 0 10 3
1004 0  5 0 11 0
1005 0  5 0 11 1
1006 0  5 0 11 2
1007 0  5 0 11 3
1008 0  5 0 12 0
1009 0  5 0 12 1
1010 0  5 0 12 2
1011 0  5 0 12 3
1012 0  5 0 13 0
1013 0  5 0 13 1
1014 0  5 0 13 2
1015 0  5 0 13 3
1016 0  5 0 14 0
1017 0  5 0 14 1
1018 0  5 0 14 2
1019 0  5 0 14 3
1020 0  5 0 15 0
1021 0  5 0 15 1
1022 0  5 0 15 2
1023 0  5 0 15 3
1024 0  5 1  0 0
1025 0  5 1  0 1
1026 0  5 1  0 2
1027 0  5 1  0 3
1028 0  5 1  1 0
1029 0  5 1  1 1
1030 0  5 1  1 2
1031 0  5 1  1 3
1032 0  5 1  2 0
1033 0  5 1  2 1
1034 0  5 1  2 2
1035 0  5 1  2 3
1036 0  5 1  3 0
1037 0  5 1  3 1
1038 0  5 1  3 2
1039 0  5 1  3 3
1040 0  5 1  4 0
1041 0  5 1  4 1
1042 0  5 1  4 2
1043 0  5 1  4 3
1044 0  5 1  5 0
1045 0  5 1  5 1
1046 0  5 1  5 2
1047 0  5 1  5 3
1048 0  5 1  6 0
1049 0  5 1  6 1
1050 0  5 1  6 2
1051 0  5 1  6 3
1052 0  5 1  7 0
1053 0  5 1  7 1
1054 0  5 1  7 2
1055 0  5 1  7 3
1056 0  5 1  8 0
1057 0  5 1  8 1
1058 0  5 1  8 2
1059 0  5 1  8 3
1060 0  5 1  9 0
1061 0  5 1  9 1
1062 0  5 1  9 2
1063 0  5 1  9 3
1064 0  5 1 10 0
1065 0  5 1 10 1
1066 0  5 1 10 2
1067 0  5 1 10 3
1068 0  5 1 11 0
1069 0  5 1 11 1
1070 0  5 1 11 2
1071 0  5 1 11 3
1072 0  5 1 12 0
1073 0  5 1 12 1
1074 0  5 1 12 2
1075 0  5 1 12 3
1076 0  5 1 13 0
1077 0  5 1 13 1
1078 0  5 1 13 2
1079 0  5 1 13 3
1080 0  5 1 14 0
1081 0  5 1 14 1
1082 0  5 1 14 2
1083 0  5 1 14 3
1084 0  5 1 15 0
1085 0  5 1 15 1
1086 0  5 1 15 2
1087 0  5 1 15 3
1088 0  5 2  0 0
1089 0  5 2  0 1
1090 0  5 2  0 2
1091 0  5 2  0 3
1092 0  5 2  1 0
1093 0  5 2  1 1
1094 0  5 2  1 2
1095 0  5 2  1 3
1096 0  5 2  2 0
1097 0  5 2  2 1
1098 0  5 2  2 2
1099 0  5 2  2 3
1100 0  5 2  3 0
1101 0  5 2  3 1
1102 0  5 2  3 2
1103 0  5 2  3 3
1104 0  5 2  4 0
1105 0  5 2  4 1
1106 0  5 2  4 2
1107 0  5 2  4 3
1108 0  5 2  5 0
1109 0  5 2  5 1
1110 0  5 2  5 2
1111 0  5 2  5 3
1112 0  5 2  6 0
1113 0  5 2  6 1
1114 0  5 2  6 2
1115 0  5 2  6 3
1116 0  5 2  7 0
1117 0  5 2  7 1
1118 0  5 2  7 2
1119 0  5 2  7 3
1120 0  5 2  8 0
1121 0  5 2  8 1
1122 0  5 2  8 2
1123 0  5 2  8 3
1124 0  5 2  9 0
1125 0  5 2  9 1
1126 0  5 2  9 2
1127 0  5 2  9 3
1128 0  5 2 10 0
1129 0  5 2 10 1
1130 0  5 2 10 2
1131 0  5 2 10 3
1132 0  5 2 11 0
1133 0  5 2 11 1
1134 0  5 2 11 2
1135 0  5 2 11 3
1136 0  5 2 12 0
1137 0  5 2 12 1
1138 0  5 2 12 2
1139 0  5 2 12 3
1140 0  5 2 13 0
1141 0  5 2 13 1
1142 0  5 2 13 2
1143 0  5 2 13 3
1144 0  5 2 14 0
1145 0  5 2 14 1
1146 0  5 2 14 2
1147 0  5 2 14 3
1148 0  5 2 15 0
1149 0  5 2 15 1
1150 0  5 2 15 2
1151 0  5 2 15 3
1152 0  6 0  0 0
1153 0  6 0  0 1
1154 0  6 0  0 2
1155 0  6 0  0 3
1156 0  6 0  1 0
1157 0  6 0  1 1
1158 0  6 0  1 2
1159 0  6 0  1 3
1160 0  6 0  2 0
1161 0  6 0  2 1
1162 0  6 0  2 2
1163 0  6 0  2 3
1172 0  6 0  5 0
1173 0  6 0  5 1
1174 0  6 0  5 2
1175 0  6 0  5 3
1176 0  6 0  6 0
1177 0  6 0  6 1
1178 0  6 0  6 2
1179 0  6 0  6 3
1180 0  6 0  7 0
1181 0  6 0  7 1
1182 0  6 0  7 2
1183 0  6 0  7 3
1184 0  6 0  8 0
1185 0  6 0  8 1
1186 0  6 0  8 2
1187 0  6 0  8 3
1188 0  6 0  9 0
1189 0  6 0  9 1
1190 0  6 0  9 2
1191 0  6 0  9 3
1192 0  6 0 10 0
1193 0  6 0 10 1
1194 0  6 0 10 2
1195 0  6 0 10 3
1196 0  6 0 11 0
1197 0  6 0 11 1
1198 0  6 0 11 2
1199 0  6 0 11 3
1200 0  6 0 12 0
1201 0  6 0 12 1
1202 0  6 0 12 2
1203 0  6 0 12 3
1204 0  6 0 13 0
1205 0  6 0 13 1
1206 0  6 0 13 2
1207 0  6 0 13 3
1208 0  6 0 14 0
1209 0  6 0 14 1
1210 0  6 0 14 2
1211 0  6 0 14 3
1212 0  6 0 15 0
1213 0  6 0 15 1
1214 0  6 0 15 2
1215 0  6 0 15 3
1216 0  6 1  0 0
1217 0  6 1  0 1
1218 0  6 1  0 2
1219 0  6 1  0 3
1220 0  6 1  1 0
1221 0  6 1  1 1
1222 0  6 1  1 2
1223 0  6 1  1 3
1224 0  6 1  2 0
1225 0  6 1  2 1
1226 0  6 1  2 2
1227 0  6 1  2 3
1236 0  6 1  5 0
1237 0  6 1  5 1
1238 0  6 1  5 2
1239 0  6 1  5 3
1240 0  6 1  6 0
1241 0  6 1  6 1
1242 0  6 1  6 2
1243 0  6 1  6 3
1244 0  6 1  7 0
1245 0  6 1  7 1
1246 0  6 1  7 2
1247 0  6 1  7 3
1248 0  6 1  8 0
1249 0  6 1  8 1
1250 0  6 1  8 2
1251 0  6 1  8 3
1252 0  6 1  9 0
1253 0  6 1  9 1
1254 0  6 1  9 2
1255 0  6 1  9 3
1256 0  6 1 10 0
1257 0  6 1 10 1
1258 0  6 1 10 2
1259 0  6 1 10 3
1260 0  6 1 11 0
1261 0  6 1 11 1
1262 0  6 1 11 2
1263 0  6 1 11 3
1264 0  6 1 12 0
1265 0  6 1 12 1
1266 0  6 1 12 2
1267 0  6 1 12 3
1268 0  6 1 13 0
1269 0  6 1 13 1
1270 0  6 1 13 2
1271 0  6 1 13 3
1272 0  6 1 14 0
1273 0  6 1 14 1
1274 0  6 1 14 2
1275 0  6 1 14 3
1276 0  6 1 15 0
1277 0  6 1 15 1
1278 0  6 1 15 2
1279 0  6 1 15 3
1280 0  6 2  0 0
1281 0  6 2  0 1
1282 0  6 2  0 2
1283 0  6 2  0 3
1284 0  6 2  1 0
1285 0  6 2  1 1
1286 0  6 2  1 2
1287 0  6 2  1 3
1288 0  6 2  2 0
1289 0  6 2  2 1
1290 0  6 2  2 2
1291 0  6 2  2 3
1300 0  6 2  5 0
1301 0  6 2  5 1
1302 0  6 2  5 2
1303 0  6 2  5 3
1304 0  6 2  6 0
1305 0  6 2  6 1
1306 0  6 2  6 2
1307 0  6 2  6 3
1308 0  6 2  7 0
1309 0  6 2  7 1
1310 0  6 2  7 2
1311 0  6 2  7 3
1312 0  6 2  8 0
1313 0  6 2  8 1
1314 0  6 2  8 2
1315 0  6 2  8 3
1316 0  6 2  9 0
1317 0  6 2  9 1
1318 0  6 2  9 2
1319 0  6 2  9 3
1320 0  6 2 10 0
1321 0  6 2 10 1
1322 0  6 2 10 2
1323 0  6 2 10 3
1324 0  6 2 11 0
1325 0  6 2 11 1
1326 0  6 2 11 2
1327 0  6 2 11 3
1328 0  6 2 12 0
1329 0  6 2 12 1
1330 0  6 2 12 2
1331 0  6 2 12 3
1332 0  6 2 13 0
1333 0  6 2 13 1
1334 0  6 2 13 2
1335 0  6 2 13 3
1336 0  6 2 14 0
1337 0  6 2 14 1
1338 0  6 2 14 2
1339 0  6 2 14 3
1340 0  6 2 15 0
1341 0  6 2 15 1
1342 0  6 2 15 2
1343 0  6 2 15 3
1344 0  7 0  0 0
1345 0  7 0  0 1
1346 0  7 0  0 2
1347 0  7 0  0 3
1348 0  7 0  1 0
1349 0  7 0  1 1
1350 0  7 0  1 2
1351 0  7 0  1 3
1352 0  7 0  2 0
1353 0  7 0  2 1
1354 0  7 0  2 2
1355 0  7 0  2 3
1356 0  7 0  3 0
1357 0  7 0  3 1
1358 0  7 0  3 2
1359 0  7 0  3 3
1360 0  7 0  4 0
1361 0  7 0  4 1
1362 0  7 0  4 2
1363 0  7 0  4 3
1364 0  7 0  5 0
1365 0  7 0  5 1
1366 0  7 0  5 2
1367 0  7 0  5 3
1368 0  7 0  6 0
1369 0  7 0  6 1
1370 0  7 0  6 2
1371 0  7 0  6 3
1372 0  7 0  7 0
1373 0  7 0  7 1
1374 0  7 0  7 2
1375 0  7 0  7 3
1376 0  7 0  8 0
1377 0  7 0  8 1
1378 0  7 0  8 2
1379 0  7 0  8 3
1380 0  7 0  9 0
1381 0  7 0  9 1
1382 0  7 0  9 2
1383 0  7 0  9 3
1384 0  7 0 10 0
1385 0  7 0 10 1
1386 0  7 0 10 2
1387 0  7 0 10 3
1388 0  7 0 11 0
1389 0  7 0 11 1
1390 0  7 0 11 2
1391 0  7 0 11 3
1392 0  7 0 12 0
1393 0  7 0 12 1
1394 0  7 0 12 2
1395 0  7 0 12 3
1396 0  7 0 13 0
1397 0  7 0 13 1
1398 0  7 0 13 2
1399 0  7 0 13 3
1400 0  7 0 14 0
1401 0  7 0 14 1
1402 0  7 0 14 2
1403 0  7 0 14 3
1404 0  7 0 15 0
1405 0  7 0 15 1
1406 0  7 0 15 2
1407 0  7 0 15 3
1408 0  7 1  0 0
1409 0  7 1  0 1
1410 0  7 1  0 2
1411 0  7 1  0 3
1412 0  7 1  1 0
1413 0  7 1  1 1
1414 0  7 1  1 2
1415 0  7 1  1 3
1416 0  7 1  2 0
1417 0  7 1  2 1
1418 0  7 1  2 2
1419 0  7 1  2 3
1420 0  7 1  3 0
1421 0  7 1  3 1
1422 0  7 1  3 2
1423 0  7 1  3 3
1424 0  7 1  4 0
1425 0  7 1  4 1
1426 0  7 1  4 2
1427 0  7 1  4 3
1428 0  7 1  5 0
1429 0  7 1  5 1
1430 0  7 1  5 2
1431 0  7 1  5 3
1432 0  7 1  6 0
1433 0  7 1  6 1
1434 0  7 1  6 2
1435 0  7 1  6 3
1436 0  7 1  7 0
1437 0  7 1  7 1
1438 0  7 1  7 2
1439 0  7 1  7 3
1440 0  7 1  8 0
1441 0  7 1  8 1
1442 0  7 1  8 2
1443 0  7 1  8 3
1444 0  7 1  9 0
1445 0  7 1  9 1
1446 0  7 1  9 2
1447 0  7 1  9 3
1448 0  7 1 10 0
1449 0  7 1 10 1
1450 0  7 1 10 2
1451 0  7 1 10 3
1452 0  7 1 11 0
1453 0  7 1 11 1
1454 0  7 1 11 2
1455 0  7 1 11 3
1456 0  7 1 12 0
1457 0  7 1 12 1
1458 0  7 1 12 2
1459 0  7 1 12 3
1460 0  7 1 13 0
1461 0  7 1 13 1
1462 0  7 1 13 2
1463 0  7 1 13 3
1464 0  7 1 14 0
1465 0  7 1 14 1
1466 0  7 1 14 2
1467 0  7 1 14 3
1468 0  7 1 15 0
1469 0  7 1 15 1
1470 0  7 1 15 2
1471 0  7 1 15 3
1472 0  7 2  0 0
1473 0  7 2  0 1
1474 0  7 2  0 2
1475 0  7 2  0 3
1476 0  7 2  1 0
1477 0  7 2  1 1
1478 0  7 2  1 2
1479 0  7 2  1 3
1480 0  7 2  2 0
1481 0  7 2  2 1
1482 0  7 2  2 2
1483 0  7 2  2 3
1484 0  7 2  3 0
1485 0  7 2  3 1
1486 0  7 2  3 2
1487 0  7 2  3 3
1488 0  7 2  4 0
1489 0  7 2  4 1
1490 0  7 2  4 2
1491 0  7 2  4 3
1492 0  7 2  5 0
1493 0  7 2  5 1
1494 0  7 2  5 2
1495 0  7 2  5 3
1496 0  7 2  6 0
1497 0  7 2  6 1
1498 0  7 2  6 2
1499 0  7 2  6 3
1500 0  7 2  7 0
1501 0  7 2  7 1
1502 0  7 2  7 2
1503 0  7 2  7 3
1504 0  7 2  8 0
1505 0  7 2  8 1
1506 0  7 2  8 2
1507 0  7 2  8 3
1508 0  7 2  9 0
1509 0  7 2  9 1
1510 0  7 2  9 2
1511 0  7 2  9 3
1512 0  7 2 10 0
1513 0  7 2 10 1
1514 0  7 2 10 2
1515 0  7 2 10 3
1516 0  7 2 11 0
1517 0  7 2 11 1
1518 0  7 2 11 2
1519 0  7 2 11 3
1520 0  7 2 12 0
1521 0  7 2 12 1
1522 0  7 2 12 2
1523 0  7 2 12 3
1524 0  7 2 13 0
1525 0  7 2 13 1
1526 0  7 2 13 2
1527 0  7 2 13 3
1528 0  7 2 14 0
1529 0  7 2 14 1
1530 0  7 2 14 2
1531 0  7 2 14 3
1532 0  7 2 15 0
1533 0  7 2 15 1
1534 0  7 2 15 2
1535 0  7 2 15 3
1536 0  8 0  0 0
1537 0  8 0  0 1
1538 0  8 0  0 2
1539 0  8 0  0 3
1540 0  8 0  1 0
1541 0  8 0  1 1
1542 0  8 0  1 2
1543 0  8 0  1 3
1544 0  8 0  2 0
1545 0  8 0  2 1
1546 0  8 0  2 2
1547 0  8 0  2 3
1556 0  8 0  5 0
1557 0  8 0  5 1
1558 0  8 0  5 2
1559 0  8 0  5 3
1560 0  8 0  6 0
1561 0  8 0  6 1
1562 0  8 0  6 2
1563 0  8 0  6 3
1564 0  8 0  7 0
1565 0  8 0  7 1
1566 0  8 0  7 2
1567 0  8 0  7 3
1568 0  8 0  8 0
1569 0  8 0  8 1
1570 0  8 0  8 2
1571 0  8 0  8 3
1572 0  8 0  9 0
1573 0  8 0  9 1
1574 0  8 0  9 2
1575 0  8 0  9 3
1576 0  8 0 10 0
1577 0  8 0 10 1
1578 0  8 0 10 2
1579 0  8 0 10 3
1580 0  8 0 11 0
1581 0  8 0 11 1
1582 0  8 0 11 2
1583 0  8 0 11 3
1584 0  8 0 12 0
1585 0  8 0 12 1
1586 0  8 0 12 2
1587 0  8 0 12 3
1588 0  8 0 13 0
1589 0  8 0 13 1
1590 0  8 0 13 2
1591 0  8 0 13 3
1592 0  8 0 14 0
1593 0  8 0 14 1
1594 0  8 0 14 2
1595 0  8 0 14 3
1596 0  8 0 15 0
1597 0  8 0 15 1
1598 0  8 0 15 2
1599 0  8 0 15 3
1600 0  8 1  0 0
1601 0  8 1  0 1
1602 0  8 1  0 2
1603 0  8 1  0 3
1604 0  8 1  1 0
1605 0  8 1  1 1
1606 0  8 1  1 2
1607 0  8 1  1 3
1608 0  8 1  2 0
1609 0  8 1  2 1
1610 0  8 1  2 2
1611 0  8 1  2 3
1620 0  8 1  5 0
1621 0  8 1  5 1
1622 0  8 1  5 2
1623 0  8 1  5 3
1624 0  8 1  6 0
1625 0  8 1  6 1
1626 0  8 1  6 2
1627 0  8 1  6 3
1628 0  8 1  7 0
1629 0  8 1  7 1
1630 0  8 1  7 2
1631 0  8 1  7 3
1632 0  8 1  8 0
1633 0  8 1  8 1
1634 0  8 1  8 2
1635 0  8 1  8 3
1636 0  8 1  9 0
1637 0  8 1  9 1
1638 0  8 1  9 2
1639 0  8 1  9 3
1640 0  8 1 10 0
1641 0  8 1 10 1
1642 0  8 1 10 2
1643 0  8 1 10 3
1644 0  8 1 11 0
1645 0  8 1 11 1
1646 0  8 1 11 2
1647 0  8 1 11 3
1648 0  8 1 12 0
1649 0  8 1 12 1
1650 0  8 1 12 2
1651 0  8 1 12 3
1652 0  8 1 13 0
1653 0  8 1 13 1
1654 0  8 1 13 2
1655 0  8 1 13 3
1656 0  8 1 14 0
1657 0  8 1 14 1
1658 0  8 1 14 2
1659 0  8 1 14 3
1660 0  8 1 15 0
1661 0  8 1 15 1
1662 0  8 1 15 2
1663 0  8 1 15 3
1664 0  8 2  0 0
1665 0  8 2  0 1
1666 0  8 2  0 2
1667 0  8 2  0 3
1668 0  8 2  1 0
1669 0  8 2  1 1
1670 0  8 2  1 2
1671 0  8 2  1 3
1672 0  8 2  2 0
1673 0  8 2  2 1
1674 0  8 2  2 2
1675 0  8 2  2 3
1684 0  8 2  5 0
1685 0  8 2  5 1
1686 0  8 2  5 2
1687 0  8 2  5 3
1688 0  8 2  6 0
1689 0  8 2  6 1
1690 0  8 2  6 2
1691 0  8 2  6 3
1692 0  8 2  7 0
1693 0  8 2  7 1
1694 0  8 2  7 2
1695 0  8 2  7 3
1696 0  8 2  8 0
1697 0  8 2  8 1
1698 0  8 2  8 2
1699 0  8 2  8 3
1700 0  8 2  9 0
1701 0  8 2  9 1
1702 0  8 2  9 2
1703 0  8 2  9 3
1704 0  8 2 10 0
1705 0  8 2 10 1
1706 0  8 2 10 2
1707 0  8 2 10 3
1708 0  8 2 11 0
1709 0  8 2 11 1
1710 0  8 2 11 2
1711 0  8 2 11 3
1712 0  8 2 12 0
1713 0  8 2 12 1
1714 0  8 2 12 2
1715 0  8 2 12 3
1716 0  8 2 13 0
1717 0  8 2 13 1
1718 0  8 2 13 2
1719 0  8 2 13 3
1720 0  8 2 14 0
1721 0  8 2 14 1
1722 0  8 2 14 2
1723 0  8 2 14 3
1724 0  8 2 15 0
1725 0  8 2 15 1
1726 0  8 2 15 2
1727 0  8 2 15 3
1728 0  9 0  0 0
1729 0  9 0  0 1
1730 0  9 0  0 2
1731 0  9 0  0 3
1732 0  9 0  1 0
1733 0  9 0  1 1
1734 0  9 0  1 2
1735 0  9 0  1 3
1736 0  9 0  2 0
1737 0  9 0  2 1
1738 0  9 0  2 2
1739 0  9 0  2 3
1740 0  9 0  3 0
1741 0  9 0  3 1
1742 0  9 0  3 2
1743 0  9 0  3 3
1744 0  9 0  4 0
1745 0  9 0  4 1
1746 0  9 0  4 2
1747 0  9 0  4 3
1748 0  9 0  5 0
1749 0  9 0  5 1
1750 0  9 0  5 2
1751 0  9 0  5 3
1752 0  9 0  6 0
1753 0  9 0  6 1
1754 0  9 0  6 2
1755 0  9 0  6 3
1756 0  9 0  7 0
1757 0  9 0  7 1
1758 0  9 0  7 2
1759 0  9 0  7 3
1760 0  9 0  8 0
1761 0  9 0  8 1
1762 0  9 0  8 2
1763 0  9 0  8 3
1764 0  9 0  9 0
1765 0  9 0  9 1
1766 0  9 0  9 2
1767 0  9 0  9 3
1768 0  9 0 10 0
1769 0  9 0 10 1
1770 0  9 0 10 2
1771 0  9 0 10 3
1772 0  9 0 11 0
1773 0  9 0 11 1
1774 0  9 0 11 2
1775 0  9 0 11 3
1776 0  9 0 12 0
1777 0  9 0 12 1
1778 0  9 0 12 2
1779 0  9 0 12 3
1780 0  9 0 13 0
1781 0  9 0 13 1
1782 0  9 0 13 2
1783 0  9 0 13 3
1784 0  9 0 14 0
1785 0  9 0 14 1
1786 0  9 0 14 2
1787 0  9 0 14 3
1788 0  9 0 15 0
1789 0  9 0 15 1
1790 0  9 0 15 2
1791 0  9 0 15 3
1792 0  9 1  0 0
1793 0  9 1  0 1
1794 0  9 1  0 2
1795 0  9 1  0 3
1796 0  9 1  1 0
1797 0  9 1  1 1
1798 0  9 1  1 2
1799 0  9 1  1 3
1800 0  9 1  2 0
1801 0  9 1  2 1
1802 0  9 1  2 2
1803 0  9 1  2 3
1804 0  9 1  3 0
1805 0  9 1  3 1
1806 0  9 1  3 2
1807 0  9 1  3 3
1808 0  9 1  4 0
1809 0  9 1  4 1
1810 0  9 1  4 2
1811 0  9 1  4 3
1812 0  9 1  5 0
1813 0  9 1  5 1
1814 0  9 1  5 2
1815 0  9 1  5 3
1816 0  9 1  6 0
1817 0  9 1  6 1
1818 0  9 1  6 2
1819 0  9 1  6 3
1820 0  9 1  7 0
1821 0  9 1  7 1
1822 0  9 1  7 2
1823 0  9 1  7 3
1824 0  9 1  8 0
1825 0  9 1  8 1
1826 0  9 1  8 2
1827 0  9 1  8 3
1828 0  9 1  9 0
1829 0  9 1  9 1
1830 0  9 1  9 2
1831 0  9 1  9 3
1832 0  9 1 10 0
1833 0  9 1 10 1
1834 0  9 1 10 2
1835 0  9 1 10 3
1836 0  9 1 11 0
1837 0  9 1 11 1
1838 0  9 1 11 2
1839 0  9 1 11 3
1840 0  9 1 12 0
1841 0  9 1 12 1
1842 0  9 1 12 2
1843 0  9 1 12 3
1844 0  9 1 13 0
1845 0  9 1 13 1
1846 0  9 1 13 2
1847 0  9 1 13 3
1848 0  9 1 14 0
1849 0  9 1 14 1
1850 0  9 1 14 2
1851 0  9 1 14 3
1852 0  9 1 15 0
1853 0  9 1 15 1
1854 0  9 1 15 2
1855 0  9 1 15 3
1856 0  9 2  0 0
1857 0  9 2  0 1
1858 0  9 2  0 2
1859 0  9 2  0 3
1860 0  9 2  1 0
1861 0  9 2  1 1
1862 0  9 2  1 2
1863 0  9 2  1 3
1864 0  9 2  2 0
1865 0  9 2  2 1
1866 0  9 2  2 2
1867 0  9 2  2 3
1868 0  9 2  3 0
1869 0  9 2  3 1
1870 0  9 2  3 2
1871 0  9 2  3 3
1872 0  9 2  4 0
1873 0  9 2  4 1
1874 0  9 2  4 2
1875 0  9 2  4 3
1876 0  9 2  5 0
1877 0  9 2  5 1
1878 0  9 2  5 2
1879 0  9 2  5 3
1880 0  9 2  6 0
1881 0  9 2  6 1
1882 0  9 2  6 2
1883 0  9 2  6 3
1884 0  9 2  7 0
1885 0  9 2  7 1
1886 0  9 2  7 2
1887 0  9 2  7 3
1888 0  9 2  8 0
1889 0  9 2  8 1
1890 0  9 2  8 2
1891 0  9 2  8 3
1892 0  9 2  9 0
1893 0  9 2  9 1
1894 0  9 2  9 2
1895 0  9 2  9 3
1896 0  9 2 10 0
1897 0  9 2 10 1
1898 0  9 2 10 2
1899 0  9 2 10 3
1900 0  9 2 11 0
1901 0  9 2 11 1
1902 0  9 2 11 2
1903 0  9 2 11 3
1904 0  9 2 12 0
1905 0  9 2 12 1
1906 0  9 2 12 2
1907 0  9 2 12 3
1908 0  9 2 13 0
1909 0  9 2 13 1
1910 0  9 2 13 2
1911 0  9 2 13 3
1912 0  9 2 14 0
1913 0  9 2 14 1
1914 0  9 2 14 2
1915 0  9 2 14 3
1916 0  9 2 15 0
1917 0  9 2 15 1
1918 0  9 2 15 2
1919 0  9 2 15 3
1920 0 10 0  0 0
1921 0 10 0  0 1
1922 0 10 0  0 2
1923 0 10 0  0 3
1924 0 10 0  1 0
1925 0 10 0  1 1
1926 0 10 0  1 2
1927 0 10 0  1 3
1928 0 10 0  2 0
1929 0 10 0  2 1
1930 0 10 0  2 2
1931 0 10 0  2 3
1932 0 10 0  3 0
1933 0 10 0  3 1
1934 0 10 0  3 2
1935 0 10 0  3 3
1940 0 10 0  5 0
1941 0 10 0  5 1
1942 0 10 0  5 2
1943 0 10 0  5 3
1944 0 10 0  6 0
1945 0 10 0  6 1
1946 0 10 0  6 2
1947 0 10 0  6 3
1948 0 10 0  7 0
1949 0 10 0  7 1
1950 0 10 0  7 2
1951 0 10 0  7 3
1952 0 10 0  8 0
1953 0 10 0  8 1
1954 0 10 0  8 2
1955 0 10 0  8 3
1956 0 10 0  9 0
1957 0 10 0  9 1
1958 0 10 0  9 2
1959 0 10 0  9 3
1960 0 10 0 10 0
1961 0 10 0 10 1
1962 0 10 0 10 2
1963 0 10 0 10 3
1964 0 10 0 11 0
1965 0 10 0 11 1
1966 0 10 0 11 2
1967 0 10 0 11 3
1968 0 10 0 12 0
1969 0 10 0 12 1
1970 0 10 0 12 2
1971 0 10 0 12 3
1972 0 10 0 13 0
1973 0 10 0 13 1
1974 0 10 0 13 2
1975 0 10 0 13 3
1976 0 10 0 14 0
1977 0 10 0 14 1
1978 0 10 0 14 2
1979 0 10 0 14 3
1980 0 10 0 15 0
1981 0 10 0 15 1
1982 0 10 0 15 2
1983 0 10 0 15 3
1984 0 10 1  0 0
1985 0 10 1  0 1
1986 0 10 1  0 2
1987 0 10 1  0 3
1988 0 10 1  1 0
1989 0 10 1  1 1
1990 0 10 1  1 2
1991 0 10 1  1 3
1992 0 10 1  2 0
1993 0 10 1  2 1
1994 0 10 1  2 2
1995 0 10 1  2 3
2004 0 10 1  5 0
2005 0 10 1  5 1
2006 0 10 1  5 2
2007 0 10 1  5 3
2008 0 10 1  6 0
2009 0 10 1  6 1
2010 0 10 1  6 2
2011 0 10 1  6 3
2012 0 10 1  7 0
2013 0 10 1  7 1
2014 0 10 1  7 2
2015 0 10 1  7 3
2016 0 10 1  8 0
2017 0 10 1  8 1
2018 0 10 1  8 2
2019 0 10 1  8 3
2020 0 10 1  9 0
2021 0 10 1  9 1
2022 0 10 1  9 2
2023 0 10 1  9 3
2024 0 10 1 10 0
2025 0 10 1 10 1
2026 0 10 1 10 2
2027 0 10 1 10 3
2028 0 10 1 11 0
2029 0 10 1 11 1
2030 0 10 1 11 2
2031 0 10 1 11 3
2032 0 10 1 12 0
2033 0 10 1 12 1
2034 0 10 1 12 2
2035 0 10 1 12 3
2036 0 10 1 13 0
2037 0 10 1 13 1
2038 0 10 1 13 2
2039 0 10 1 13 3
2040 0 10 1 14 0
2041 0 10 1 14 1
2042 0 10 1 14 2
2043 0 10 1 14 3
2044 0 10 1 15 0
2045 0 10 1 15 1
2046 0 10 1 15 2
2047 0 10 1 15 3
2048 0 10 2  0 0
2049 0 10 2  0 1
2050 0 10 2  0 2
2051 0 10 2  0 3
2052 0 10 2  1 0
2053 0 10 2  1 1
2054 0 10 2  1 2
2055 0 10 2  1 3
2056 0 10 2  2 0
2057 0 10 2  2 1
2058 0 10 2  2 2
2059 0 10 2  2 3
2068 0 10 2  5 0
2069 0 10 2  5 1
2070 0 10 2  5 2
2071 0 10 2  5 3
2072 0 10 2  6 0
2073 0 10 2  6 1
2074 0 10 2  6 2
2075 0 10 2  6 3
2076 0 10 2  7 0
2077 0 10 2  7 1
2078 0 10 2  7 2
2079 0 10 2  7 3
2080 0 10 2  8 0
2081 0 10 2  8 1
2082 0 10 2  8 2
2083 0 10 2  8 3
2084 0 10 2  9 0
2085 0 10 2  9 1
2086 0 10 2  9 2
2087 0 10 2  9 3
2088 0 10 2 10 0
2089 0 10 2 10 1
2090 0 10 2 10 2
2091 0 10 2 10 3
2092 0 10 2 11 0
2093 0 10 2 11 1
2094 0 10 2 11 2
2095 0 10 2 11 3
2096 0 10 2 12 0
2097 0 10 2 12 1
2098 0 10 2 12 2
2099 0 10 2 12 3
2100 0 10 2 13 0
2101 0 10 2 13 1
2102 0 10 2 13 2
2103 0 10 2 13 3
2104 0 10 2 14 0
2105 0 10 2 14 1
2106 0 10 2 14 2
2107 0 10 2 14 3
2108 0 10 2 15 0
2109 0 10 2 15 1
2110 0 10 2 15 2
2111 0 10 2 15 3
2112 0 11 0  0 0
2113 0 11 0  0 1
2114 0 11 0  0 2
2115 0 11 0  0 3
2116 0 11 0  1 0
2117 0 11 0  1 1
2118 0 11 0  1 2
2119 0 11 0  1 3
2120 0 11 0  2 0
2121 0 11 0  2 1
2122 0 11 0  2 2
2123 0 11 0  2 3
2124 0 11 0  3 0
2125 0 11 0  3 1
2126 0 11 0  3 2
2127 0 11 0  3 3
2128 0 11 0  4 0
2129 0 11 0  4 1
2130 0 11 0  4 2
2131 0 11 0  4 3
2132 0 11 0  5 0
2133 0 11 0  5 1
2134 0 11 0  5 2
2135 0 11 0  5 3
2136 0 11 0  6 0
2137 0 11 0  6 1
2138 0 11 0  6 2
2139 0 11 0  6 3
2140 0 11 0  7 0
2141 0 11 0  7 1
2142 0 11 0  7 2
2143 0 11 0  7 3
2144 0 11 0  8 0
2145 0 11 0  8 1
2146 0 11 0  8 2
2147 0 11 0  8 3
2148 0 11 0  9 0
2149 0 11 0  9 1
2150 0 11 0  9 2
2151 0 11 0  9 3
2152 0 11 0 10 0
2153 0 11 0 10 1
2154 0 11 0 10 2
2155 0 11 0 10 3
2156 0 11 0 11 0
2157 0 11 0 11 1
2158 0 11 0 11 2
2159 0 11 0 11 3
2160 0 11 0 12 0
2161 0 11 0 12 1
2162 0 11 0 12 2
2163 0 11 0 12 3
2164 0 11 0 13 0
2165 0 11 0 13 1
2166 0 11 0 13 2
2167 0 11 0 13 3
2168 0 11 0 14 0
2169 0 11 0 14 1
2170 0 11 0 14 2
2171 0 11 0 14 3
2172 0 11 0 15 0
2173 0 11 0 15 1
2174 0 11 0 15 2
2175 0 11 0 15 3
2176 0 11 1  0 0
2177 0 11 1  0 1
2178 0 11 1  0 2
2179 0 11 1  0 3
2180 0 11 1  1 0
2181 0 11 1  1 1
2182 0 11 1  1 2
2183 0 11 1  1 3
2184 0 11 1  2 0
2185 0 11 1  2 1
2186 0 11 1  2 2
2187 0 11 1  2 3
2188 0 11 1  3 0
2189 0 11 1  3 1
2190 0 11 1  3 2
2191 0 11 1  3 3
2192 0 11 1  4 0
2193 0 11 1  4 1
2194 0 11 1  4 2
2195 0 11 1  4 3
2196 0 11 1  5 0
2197 0 11 1  5 1
2198 0 11 1  5 2
2199 0 11 1  5 3
2200 0 11 1  6 0
2201 0 11 1  6 1
2202 0 11 1  6 2
2203 0 11 1  6 3
2204 0 11 1  7 0
2205 0 11 1  7 1
2206 0 11 1  7 2
2207 0 11 1  7 3
2208 0 11 1  8 0
2209 0 11 1  8 1
2210 0 11 1  8 2
2211 0 11 1  8 3
2212 0 11 1  9 0
2213 0 11 1  9 1
2214 0 11 1  9 2
2215 0 11 1  9 3
2216 0 11 1 10 0
2217 0 11 1 10 1
2218 0 11 1 10 2
2219 0 11 1 10 3
2220 0 11 1 11 0
2221 0 11 1 11 1
2222 0 11 1 11 2
2223 0 11 1 11 3
2224 0 11 1 12 0
2225 0 11 1 12 1
2226 0 11 1 12 2
2227 0 11 1 12 3
2228 0 11 1 13 0
2229 0 11 1 13 1
2230 0 11 1 13 2
2231 0 11 1 13 3
2232 0 11 1 14 0
2233 0 11 1 14 1
2234 0 11 1 14 2
2235 0 11 1 14 3
2236 0 11 1 15 0
2237 0 11 1 15 1
2238 0 11 1 15 2
2239 0 11 1 15 3
2240 0 11 2  0 0
2241 0 11 2  0 1
2242 0 11 2  0 2
2243 0 11 2  0 3
2244 0 11 2  1 0
2245 0 11 2  1 1
2246 0 11 2  1 2
2247 0 11 2  1 3
2248 0 11 2  2 0
2249 0 11 2  2 1
2250 0 11 2  2 2
2251 0 11 2  2 3
2252 0 11 2  3 0
2253 0 11 2  3 1
2254 0 11 2  3 2
2255 0 11 2  3 3
2256 0 11 2  4 0
2257 0 11 2  4 1
2258 0 11 2  4 2
2259 0 11 2  4 3
2260 0 11 2  5 0
2261 0 11 2  5 1
2262 0 11 2  5 2
2263 0 11 2  5 3
2264 0 11 2  6 0
2265 0 11 2  6 1
2266 0 11 2  6 2
2267 0 11 2  6 3
2268 0 11 2  7 0
2269 0 11 2  7 1
2270 0 11 2  7 2
2271 0 11 2  7 3
2272 0 11 2  8 0
2273 0 11 2  8 1
2274 0 11 2  8 2
2275 0 11 2  8 3
2276 0 11 2  9 0
2277 0 11 2  9 1
2278 0 11 2  9 2
2279 0 11 2  9 3
2280 0 11 2 10 0
2281 0 11 2 10 1
2282 0 11 2 10 2
2283 0 11 2 10 3
2284 0 11 2 11 0
2285 0 11 2 11 1
2286 0 11 2 11 2
2287 0 11 2 11 3
2288 0 11 2 12 0
2289 0 11 2 12 1
2290 0 11 2 12 2
2291 0 11 2 12 3
2292 0 11 2 13 0
2293 0 11 2 13 1
2294 0 11 2 13 2
2295 0 11 2 13 3
2296 0 11 2 14 0
2297 0 11 2 14 1
2298 0 11 2 14 2
2299 0 11 2 14 3
2300 0 11 2 15 0
2301 0 11 2 15 1
2302 0 11 2 15 2
2303 0 11 2 15 3
2304 1  0 0  0 0
2305 1  0 0  0 1
2306 1  0 0  0 2
2307 1  0 0  0 3
2308 1  0 0  1 0
2309 1  0 0  1 1
2310 1  0 0  1 2
2311 1  0 0  1 3
2312 1  0 0  2 0
2313 1  0 0  2 1
2314 1  0 0  2 2
2315 1  0 0  2 3
2316 1  0 0  3 0
2317 1  0 0  3 1
2318 1  0 0  3 2
2319 1  0 0  3 3
2324 1  0 0  5 0
2325 1  0 0  5 1
2326 1  0 0  5 2
2327 1  0 0  5 3
2328 1  0 0  6 0
2329 1  0 0  6 1
2330 1  0 0  6 2
2331 1  0 0  6 3
2332 1  0 0  7 0
2333 1  0 0  7 1
2334 1  0 0  7 2
2335 1  0 0  7 3
2336 1  0 0  8 0
2337 1  0 0  8 1
2338 1  0 0  8 2
2339 1  0 0  8 3
2340 1  0 0  9 0
2341 1  0 0  9 1
2342 1  0 0  9 2
2343 1  0 0  9 3
2344 1  0 0 10 0
2345 1  0 0 10 1
2346 1  0 0 10 2
2347 1  0 0 10 3
2348 1  0 0 11 0
2349 1  0 0 11 1
2350 1  0 0 11 2
2351 1  0 0 11 3
2356 1  0 0 13 0
2357 1  0 0 13 1
2358 1  0 0 13 2
2359 1  0 0 13 3
2360 1  0 0 14 0
2361 1  0 0 14 1
2362 1  0 0 14 2
2363 1  0 0 14 3
2364 1  0 0 15 0
2365 1  0 0 15 1
2366 1  0 0 15 2
2367 1  0 0 15 3
2368 1  0 1  0 0
2369 1  0 1  0 1
2370 1  0 1  0 2
2371 1  0 1  0 3
2372 1  0 1  1 0
2373 1  0 1  1 1
2374 1  0 1  1 2
2375 1  0 1  1 3
2376 1  0 1  2 0
2377 1  0 1  2 1
2378 1  0 1  2 2
2379 1  0 1  2 3
2388 1  0 1  5 0
2389 1  0 1  5 1
2390 1  0 1  5 2
2391 1  0 1  5 3
2392 1  0 1  6 0
2393 1  0 1  6 1
2394 1  0 1  6 2
2395 1  0 1  6 3
2396 1  0 1  7 0
2397 1  0 1  7 1
2398 1  0 1  7 2
2399 1  0 1  7 3
2400 1  0 1  8 0
2401 1  0 1  8 1
2402 1  0 1  8 2
2403 1  0 1  8 3
2404 1  0 1  9 0
2405 1  0 1  9 1
2406 1  0 1  9 2
2407 1  0 1  9 3
2408 1  0 1 10 0
2409 1  0 1 10 1
2410 1  0 1 10 2
2411 1  0 1 10 3
2412 1  0 1 11 0
2413 1  0 1 11 1
2414 1  0 1 11 2
2415 1  0 1 11 3
2416 1  0 1 12 0
2417 1  0 1 12 1
2418 1  0 1 12 2
2419 1  0 1 12 3
2420 1  0 1 13 0
2421 1  0 1 13 1
2422 1  0 1 13 2
2423 1  0 1 13 3
2424 1  0 1 14 0
2425 1  0 1 14 1
2426 1  0 1 14 2
2427 1  0 1 14 3
2428 1  0 1 15 0
2429 1  0 1 15 1
2430 1  0 1 15 2
2431 1  0 1 15 3
2432 1  0 2  0 0
2433 1  0 2  0 1
2434 1  0 2  0 2
2435 1  0 2  0 3
2436 1  0 2  1 0
2437 1  0 2  1 1
2438 1  0 2  1 2
2439 1  0 2  1 3
2440 1  0 2  2 0
2441 1  0 2  2 1
2442 1  0 2  2 2
2443 1  0 2  2 3
2452 1  0 2  5 0
2453 1  0 2  5 1
2454 1  0 2  5 2
2455 1  0 2  5 3
2456 1  0 2  6 0
2457 1  0 2  6 1
2458 1  0 2  6 2
2459 1  0 2  6 3
2460 1  0 2  7 0
2461 1  0 2  7 1
2462 1  0 2  7 2
2463 1  0 2  7 3
2464 1  0 2  8 0
2465 1  0 2  8 1
2466 1  0 2  8 2
2467 1  0 2  8 3
2468 1  0 2  9 0
2469 1  0 2  9 1
2470 1  0 2  9 2
2471 1  0 2  9 3
2472 1  0 2 10 0
2473 1  0 2 10 1
2474 1  0 2 10 2
2475 1  0 2 10 3
2476 1  0 2 11 0
2477 1  0 2 11 1
2478 1  0 2 11 2
2479 1  0 2 11 3
2480 1  0 2 12 0
2481 1  0 2 12 1
2482 1  0 2 12 2
2483 1  0 2 12 3
2484 1  0 2 13 0
2485 1  0 2 13 1
2486 1  0 2 13 2
2487 1  0 2 13 3
2488 1  0 2 14 0
2489 1  0 2 14 1
2490 1  0 2 14 2
2491 1  0 2 14 3
2492 1  0 2 15 0
2493 1  0 2 15 1
2494 1  0 2 15 2
2495 1  0 2 15 3
2496 1  1 0  0 0
2497 1  1 0  0 1
2498 1  1 0  0 2
2499 1  1 0  0 3
2500 1  1 0  1 0
2501 1  1 0  1 1
2502 1  1 0  1 2
2503 1  1 0  1 3
2504 1  1 0  2 0
2505 1  1 0  2 1
2506 1  1 0  2 2
2507 1  1 0  2 3
2508 1  1 0  3 0
2509 1  1 0  3 1
2510 1  1 0  3 2
2511 1  1 0  3 3
2512 1  1 0  4 0
2513 1  1 0  4 1
2514 1  1 0  4 2
2515 1  1 0  4 3
2516 1  1 0  5 0
2517 1  1 0  5 1
2518 1  1 0  5 2
2519 1  1 0  5 3
2520 1  1 0  6 0
2521 1  1 0  6 1
2522 1  1 0  6 2
2523 1  1 0  6 3
2524 1  1 0  7 0
2525 1  1 0  7 1
2526 1  1 0  7 2
2527 1  1 0  7 3
2528 1  1 0  8 0
2529 1  1 0  8 1
2530 1  1 0  8 2
2531 1  1 0  8 3
2532 1  1 0  9 0
2533 1  1 0  9 1
2534 1  1 0  9 2
2535 1  1 0  9 3
2536 1  1 0 10 0
2537 1  1 0 10 1
2538 1  1 0 10 2
2539 1  1 0 10 3
2540 1  1 0 11 0
2541 1  1 0 11 1
2542 1  1 0 11 2
2543 1  1 0 11 3
2544 1  1 0 12 0
2545 1  1 0 12 1
2546 1  1 0 12 2
2547 1  1 0 12 3
2548 1  1 0 13 0
2549 1  1 0 13 1
2550 1  1 0 13 2
2551 1  1 0 13 3
2552 1  1 0 14 0
2553 1  1 0 14 1
2554 1  1 0 14 2
2555 1  1 0 14 3
2556 1  1 0 15 0
2557 1  1 0 15 1
2558 1  1 0 15 2
2559 1  1 0 15 3
2560 1  1 1  0 0
2561 1  1 1  0 1
2562 1  1 1  0 2
2563 1  1 1  0 3
2564 1  1 1  1 0
2565 1  1 1  1 1
2566 1  1 1  1 2
2567 1  1 1  1 3
2568 1  1 1  2 0
2569 1  1 1  2 1
2570 1  1 1  2 2
2571 1  1 1  2 3
2572 1  1 1  3 0
2573 1  1 1  3 1
2574 1  1 1  3 2
2575 1  1 1  3 3
2576 1  1 1  4 0
2577 1  1 1  4 1
2578 1  1 1  4 2
2579 1  1 1  4 3
2580 1  1 1  5 0
2581 1  1 1  5 1
2582 1  1 1  5 2
2583 1  1 1  5 3
2584 1  1 1  6 0
2585 1  1 1  6 1
2586 1  1 1  6 2
2587 1  1 1  6 3
2588 1  1 1  7 0
2589 1  1 1  7 1
2590 1  1 1  7 2
2591 1  1 1  7 3
2592 1  1 1  8 0
2593 1  1 1  8 1
2594 1  1 1  8 2
2595 1  1 1  8 3
2596 1  1 1  9 0
2597 1  1 1  9 1
2598 1  1 1  9 2
2599 1  1 1  9 3
2600 1  1 1 10 0
2601 1  1 1 10 1
2602 1  1 1 10 2
2603 1  1 1 10 3
2604 1  1 1 11 0
2605 1  1 1 11 1
2606 1  1 1 11 2
2607 1  1 1 11 3
2608 1  1 1 12 0
2609 1  1 1 12 1
2610 1  1 1 12 2
2611 1  1 1 12 3
2612 1  1 1 13 0
2613 1  1 1 13 1
2614 1  1 1 13 2
2615 1  1 1 13 3
2616 1  1 1 14 0
2617 1  1 1 14 1
2618 1  1 1 14 2
2619 1  1 1 14 3
2620 1  1 1 15 0
2621 1  1 1 15 1
2622 1  1 1 15 2
2623 1  1 1 15 3
2624 1  1 2  0 0
2626 1  1 2  0 2
2627 1  1 2  0 3
2628 1  1 2  1 0
2629 1  1 2  1 1
2630 1  1 2  1 2
2631 1  1 2  1 3
2632 1  1 2  2 0
2633 1  1 2  2 1
2634 1  1 2  2 2
2635 1  1 2  2 3
2636 1  1 2  3 0
2637 1  1 2  3 1
2638 1  1 2  3 2
2639 1  1 2  3 3
2640 1  1 2  4 0
2641 1  1 2  4 1
2642 1  1 2  4 2
2643 1  1 2  4 3
2644 1  1 2  5 0
2645 1  1 2  5 1
2646 1  1 2  5 2
2647 1  1 2  5 3
2648 1  1 2  6 0
2649 1  1 2  6 1
2650 1  1 2  6 2
2651 1  1 2  6 3
2652 1  1 2  7 0
2653 1  1 2  7 1
2654 1  1 2  7 2
2655 1  1 2  7 3
2656 1  1 2  8 0
2657 1  1 2  8 1
2658 1  1 2  8 2
2659 1  1 2  8 3
2660 1  1 2  9 0
2661 1  1 2  9 1
2662 1  1 2  9 2
2663 1  1 2  9 3
2664 1  1 2 10 0
2665 1  1 2 10 1
2666 1  1 2 10 2
2667 1  1 2 10 3
2668 1  1 2 11 0
2669 1  1 2 11 1
2670 1  1 2 11 2
2671 1  1 2 11 3
2672 1  1 2 12 0
2673 1  1 2 12 1
2674 1  1 2 12 2
2675 1  1 2 12 3
2676 1  1 2 13 0
2677 1  1 2 13 1
2678 1  1 2 13 2
2679 1  1 2 13 3
2680 1  1 2 14 0
2681 1  1 2 14 1
2682 1  1 2 14 2
2683 1  1 2 14 3
2684 1  1 2 15 0
2685 1  1 2 15 1
2686 1  1 2 15 2
2687 1  1 2 15 3
2688 1  2 0  0 0
2689 1  2 0  0 1
2690 1  2 0  0 2
2691 1  2 0  0 3
2692 1  2 0  1 0
2693 1  2 0  1 1
2694 1  2 0  1 2
2695 1  2 0  1 3
2696 1  2 0  2 0
2697 1  2 0  2 1
2698 1  2 0  2 2
2699 1  2 0  2 3
2700 1  2 0  3 0
2701 1  2 0  3 1
2702 1  2 0  3 2
2703 1  2 0  3 3
2708 1  2 0  5 0
2709 1  2 0  5 1
2710 1  2 0  5 2
2711 1  2 0  5 3
2712 1  2 0  6 0
2713 1  2 0  6 1
2714 1  2 0  6 2
2715 1  2 0  6 3
2716 1  2 0  7 0
2717 1  2 0  7 1
2718 1  2 0  7 2
2719 1  2 0  7 3
2720 1  2 0  8 0
2721 1  2 0  8 1
2722 1  2 0  8 2
2723 1  2 0  8 3
2724 1  2 0  9 0
2725 1  2 0  9 1
2726 1  2 0  9 2
2727 1  2 0  9 3
2728 1  2 0 10 0
2729 1  2 0 10 1
2730 1  2 0 10 2
2731 1  2 0 10 3
2732 1  2 0 11 0
2733 1  2 0 11 1
2734 1  2 0 11 2
2735 1  2 0 11 3
2736 1  2 0 12 0
2737 1  2 0 12 1
2738 1  2 0 12 2
2739 1  2 0 12 3
2740 1  2 0 13 0
2741 1  2 0 13 1
2742 1  2 0 13 2
2743 1  2 0 13 3
2744 1  2 0 14 0
2745 1  2 0 14 1
2746 1  2 0 14 2
2747 1  2 0 14 3
2748 1  2 0 15 0
2749 1  2 0 15 1
2750 1  2 0 15 2
2751 1  2 0 15 3
2752 1  2 1  0 0
2753 1  2 1  0 1
2754 1  2 1  0 2
2755 1  2 1  0 3
2756 1  2 1  1 0
2757 1  2 1  1 1
2758 1  2 1  1 2
2759 1  2 1  1 3
2760 1  2 1  2 0
2761 1  2 1  2 1
2762 1  2 1  2 2
2763 1  2 1  2 3
2772 1  2 1  5 0
2773 1  2 1  5 1
2774 1  2 1  5 2
2775 1  2 1  5 3
2776 1  2 1  6 0
2777 1  2 1  6 1
2778 1  2 1  6 2
2779 1  2 1  6 3
2780 1  2 1  7 0
2781 1  2 1  7 1
2782 1  2 1  7 2
2783 1  2 1  7 3
2784 1  2 1  8 0
2785 1  2 1  8 1
2786 1  2 1  8 2
2787 1  2 1  8 3
2788 1  2 1  9 0
2789 1  2 1  9 1
2790 1  2 1  9 2
2791 1  2 1  9 3
2792 1  2 1 10 0
2793 1  2 1 10 1
2794 1  2 1 10 2
2795 1  2 1 10 3
2796 1  2 1 11 0
2797 1  2 1 11 1
2798 1  2 1 11 2
2799 1  2 1 11 3
2800 1  2 1 12 0
2801 1  2 1 12 1
2802 1  2 1 12 2
2803 1  2 1 12 3
2804 1  2 1 13 0
2805 1  2 1 13 1
2806 1  2 1 13 2
2807 1  2 1 13 3
2808 1  2 1 14 0
2809 1  2 1 14 1
2810 1  2 1 14 2
2811 1  2 1 14 3
2812 1  2 1 15 0
2813 1  2 1 15 1
2814 1  2 1 15 2
2815 1  2 1 15 3
2816 1  2 2  0 0
2817 1  2 2  0 1
2818 1  2 2  0 2
2819 1  2 2  0 3
2820 1  2 2  1 0
2821 1  2 2  1 1
2822 1  2 2  1 2
2823 1  2 2  1 3
2824 1  2 2  2 0
2825 1  2 2  2 1
2826 1  2 2  2 2
2827 1  2 2  2 3
2836 1  2 2  5 0
2837 1  2 2  5 1
2838 1  2 2  5 2
2839 1  2 2  5 3
2840 1  2 2  6 0
2841 1  2 2  6 1
2842 1  2 2  6 2
2843 1  2 2  6 3
2844 1  2 2  7 0
2845 1  2 2  7 1
2846 1  2 2  7 2
2847 1  2 2  7 3
2848 1  2 2  8 0
2849 1  2 2  8 1
2850 1  2 2  8 2
2851 1  2 2  8 3
2852 1  2 2  9 0
2853 1  2 2  9 1
2854 1  2 2  9 2
2855 1  2 2  9 3
2856 1  2 2 10 0
2857 1  2 2 10 1
2858 1  2 2 10 2
2859 1  2 2 10 3
2860 1  2 2 11 0
2861 1  2 2 11 1
2862 1  2 2 11 2
2863 1  2 2 11 3
2864 1  2 2 12 0
2865 1  2 2 12 1
2866 1  2 2 12 2
2867 1  2 2 12 3
2868 1  2 2 13 0
2869 1  2 2 13 1
2870 1  2 2 13 2
2871 1  2 2 13 3
2872 1  2 2 14 0
2873 1  2 2 14 1
2874 1  2 2 14 2
2875 1  2 2 14 3
2876 1  2 2 15 0
2877 1  2 2 15 1
2878 1  2 2 15 2
2879 1  2 2 15 3
2880 1  3 0  0 0
2881 1  3 0  0 1
2882 1  3 0  0 2
2883 1  3 0  0 3
2884 1  3 0  1 0
2885 1  3 0  1 1
2886 1  3 0  1 2
2887 1  3 0  1 3
2888 1  3 0  2 0
2889 1  3 0  2 1
2890 1  3 0  2 2
2891 1  3 0  2 3
2892 1  3 0  3 0
2893 1  3 0  3 1
2894 1  3 0  3 2
2895 1  3 0  3 3
2896 1  3 0  4 0
2897 1  3 0  4 1
2898 1  3 0  4 2
2899 1  3 0  4 3
2900 1  3 0  5 0
2901 1  3 0  5 1
2902 1  3 0  5 2
2903 1  3 0  5 3
2904 1  3 0  6 0
2905 1  3 0  6 1
2906 1  3 0  6 2
2907 1  3 0  6 3
2908 1  3 0  7 0
2909 1  3 0  7 1
2910 1  3 0  7 2
2911 1  3 0  7 3
2912 1  3 0  8 0
2913 1  3 0  8 1
2914 1  3 0  8 2
2915 1  3 0  8 3
2916 1  3 0  9 0
2917 1  3 0  9 1
2918 1  3 0  9 2
2919 1  3 0  9 3
2920 1  3 0 10 0
2921 1  3 0 10 1
2922 1  3 0 10 2
2923 1  3 0 10 3
2924 1  3 0 11 0
2925 1  3 0 11 1
2926 1  3 0 11 2
2927 1  3 0 11 3
2928 1  3 0 12 0
2929 1  3 0 12 1
2930 1  3 0 12 2
2931 1  3 0 12 3
2932 1  3 0 13 0
2933 1  3 0 13 1
2934 1  3 0 13 2
2935 1  3 0 13 3
2936 1  3 0 14 0
2937 1  3 0 14 1
2938 1  3 0 14 2
2939 1  3 0 14 3
2940 1  3 0 15 0
2941 1  3 0 15 1
2942 1  3 0 15 2
2943 1  3 0 15 3
2944 1  3 1  0 0
2945 1  3 1  0 1
2946 1  3 1  0 2
2947 1  3 1  0 3
2948 1  3 1  1 0
2949 1  3 1  1 1
2950 1  3 1  1 2
2951 1  3 1  1 3
2952 1  3 1  2 0
2953 1  3 1  2 1
2954 1  3 1  2 2
2955 1  3 1  2 3
2956 1  3 1  3 0
2957 1  3 1  3 1
2958 1  3 1  3 2
2959 1  3 1  3 3
2960 1  3 1  4 0
2961 1  3 1  4 1
2962 1  3 1  4 2
2963 1  3 1  4 3
2964 1  3 1  5 0
2965 1  3 1  5 1
2966 1  3 1  5 2
2967 1  3 1  5 3
2968 1  3 1  6 0
2969 1  3 1  6 1
2970 1  3 1  6 2
2971 1  3 1  6 3
2972 1  3 1  7 0
2973 1  3 1  7 1
2974 1  3 1  7 2
2975 1  3 1  7 3
2976 1  3 1  8 0
2977 1  3 1  8 1
2978 1  3 1  8 2
2979 1  3 1  8 3
2980 1  3 1  9 0
2981 1  3 1  9 1
2982 1  3 1  9 2
2983 1  3 1  9 3
2984 1  3 1 10 0
2985 1  3 1 10 1
2986 1  3 1 10 2
2987 1  3 1 10 3
2988 1  3 1 11 0
2989 1  3 1 11 1
2990 1  3 1 11 2
2991 1  3 1 11 3
2992 1  3 1 12 0
2993 1  3 1 12 1
2994 1  3 1 12 2
2995 1  3 1 12 3
2996 1  3 1 13 0
2997 1  3 1 13 1
2998 1  3 1 13 2
2999 1  3 1 13 3
3000 1  3 1 14 0
3001 1  3 1 14 1
3002 1  3 1 14 2
3003 1  3 1 14 3
3004 1  3 1 15 0
3005 1  3 1 15 1
3006 1  3 1 15 2
3007 1  3 1 15 3
3008 1  3 2  0 0
3009 1  3 2  0 1
3010 1  3 2  0 2
3011 1  3 2  0 3
3012 1  3 2  1 0
3013 1  3 2  1 1
3014 1  3 2  1 2
3015 1  3 2  1 3
3016 1  3 2  2 0
3017 1  3 2  2 1
3018 1  3 2  2 2
3019 1  3 2  2 3
3020 1  3 2  3 0
3021 1  3 2  3 1
3022 1  3 2  3 2
3023 1  3 2  3 3
3024 1  3 2  4 0
3025 1  3 2  4 1
3026 1  3 2  4 2
3027 1  3 2  4 3
3028 1  3 2  5 0
3029 1  3 2  5 1
3030 1  3 2  5 2
3031 1  3 2  5 3
3032 1  3 2  6 0
3033 1  3 2  6 1
3034 1  3 2  6 2
3035 1  3 2  6 3
3036 1  3 2  7 0
3037 1  3 2  7 1
3038 1  3 2  7 2
3039 1  3 2  7 3
3040 1  3 2  8 0
3041 1  3 2  8 1
3042 1  3 2  8 2
3043 1  3 2  8 3
3044 1  3 2  9 0
3045 1  3 2  9 1
3046 1  3 2  9 2
3047 1  3 2  9 3
3048 1  3 2 10 0
3049 1  3 2 10 1
3050 1  3 2 10 2
3051 1  3 2 10 3
3052 1  3 2 11 0
3053 1  3 2 11 1
3054 1  3 2 11 2
3055 1  3 2 11 3
3056 1  3 2 12 0
3057 1  3 2 12 1
3058 1  3 2 12 2
3059 1  3 2 12 3
3060 1  3 2 13 0
3061 1  3 2 13 1
3062 1  3 2 13 2
3063 1  3 2 13 3
3064 1  3 2 14 0
3065 1  3 2 14 1
3066 1  3 2 14 2
3067 1  3 2 14 3
3068 1  3 2 15 0
3069 1  3 2 15 1
3070 1  3 2 15 2
3071 1  3 2 15 3
3072 1  4 0  0 0
3073 1  4 0  0 1
3074 1  4 0  0 2
3075 1  4 0  0 3
3076 1  4 0  1 0
3077 1  4 0  1 1
3078 1  4 0  1 2
3079 1  4 0  1 3
3080 1  4 0  2 0
3081 1  4 0  2 1
3082 1  4 0  2 2
3083 1  4 0  2 3
3084 1  4 0  3 0
3085 1  4 0  3 1
3086 1  4 0  3 2
3087 1  4 0  3 3
3092 1  4 0  5 0
3093 1  4 0  5 1
3094 1  4 0  5 2
3095 1  4 0  5 3
3096 1  4 0  6 0
3097 1  4 0  6 1
3098 1  4 0  6 2
3099 1  4 0  6 3
3100 1  4 0  7 0
3101 1  4 0  7 1
3102 1  4 0  7 2
3103 1  4 0  7 3
3104 1  4 0  8 0
3105 1  4 0  8 1
3106 1  4 0  8 2
3107 1  4 0  8 3
3108 1  4 0  9 0
3109 1  4 0  9 1
3110 1  4 0  9 2
3111 1  4 0  9 3
3112 1  4 0 10 0
3113 1  4 0 10 1
3114 1  4 0 10 2
3115 1  4 0 10 3
3116 1  4 0 11 0
3117 1  4 0 11 1
3118 1  4 0 11 2
3119 1  4 0 11 3
3124 1  4 0 13 0
3125 1  4 0 13 1
3126 1  4 0 13 2
3127 1  4 0 13 3
3128 1  4 0 14 0
3129 1  4 0 14 1
3130 1  4 0 14 2
3131 1  4 0 14 3
3132 1  4 0 15 0
3133 1  4 0 15 1
3134 1  4 0 15 2
3135 1  4 0 15 3
3136 1  4 1  0 0
3137 1  4 1  0 1
3138 1  4 1  0 2
3139 1  4 1  0 3
3140 1  4 1  1 0
3141 1  4 1  1 1
3142 1  4 1  1 2
3143 1  4 1  1 3
3144 1  4 1  2 0
3145 1  4 1  2 1
3146 1  4 1  2 2
3147 1  4 1  2 3
3156 1  4 1  5 0
3157 1  4 1  5 1
3158 1  4 1  5 2
3159 1  4 1  5 3
3160 1  4 1  6 0
3161 1  4 1  6 1
3162 1  4 1  6 2
3163 1  4 1  6 3
3164 1  4 1  7 0
3165 1  4 1  7 1
3166 1  4 1  7 2
3167 1  4 1  7 3
3168 1  4 1  8 0
3169 1  4 1  8 1
3170 1  4 1  8 2
3171 1  4 1  8 3
3172 1  4 1  9 0
3173 1  4 1  9 1
3174 1  4 1  9 2
3175 1  4 1  9 3
3176 1  4 1 10 0
3177 1  4 1 10 1
3178 1  4 1 10 2
3179 1  4 1 10 3
3180 1  4 1 11 0
3181 1  4 1 11 1
3182 1  4 1 11 2
3183 1  4 1 11 3
3184 1  4 1 12 0
3185 1  4 1 12 1
3186 1  4 1 12 2
3187 1  4 1 12 3
3188 1  4 1 13 0
3189 1  4 1 13 1
3190 1  4 1 13 2
3191 1  4 1 13 3
3192 1  4 1 14 0
3193 1  4 1 14 1
3194 1  4 1 14 2
3195 1  4 1 14 3
3196 1  4 1 15 0
3197 1  4 1 15 1
3198 1  4 1 15 2
3199 1  4 1 15 3
3200 1  4 2  0 0
3201 1  4 2  0 1
3202 1  4 2  0 2
3203 1  4 2  0 3
3204 1  4 2  1 0
3205 1  4 2  1 1
3206 1  4 2  1 2
3207 1  4 2  1 3
3208 1  4 2  2 0
3209 1  4 2  2 1
3210 1  4 2  2 2
3211 1  4 2  2 3
3220 1  4 2  5 0
3221 1  4 2  5 1
3222 1  4 2  5 2
3223 1  4 2  5 3
3224 1  4 2  6 0
3225 1  4 2  6 1
3226 1  4 2  6 2
3227 1  4 2  6 3
3228 1  4 2  7 0
3229 1  4 2  7 1
3230 1  4 2  7 2
3231 1  4 2  7 3
3232 1  4 2  8 0
3233 1  4 2  8 1
3234 1  4 2  8 2
3235 1  4 2  8 3
3236 1  4 2  9 0
3237 1  4 2  9 1
3238 1  4 2  9 2
3239 1  4 2  9 3
3240 1  4 2 10 0
3241 1  4 2 10 1
3242 1  4 2 10 2
3243 1  4 2 10 3
3244 1  4 2 11 0
3245 1  4 2 11 1
3246 1  4 2 11 2
3247 1  4 2 11 3
3248 1  4 2 12 0
3249 1  4 2 12 1
3250 1  4 2 12 2
3251 1  4 2 12 3
3252 1  4 2 13 0
3253 1  4 2 13 1
3254 1  4 2 13 2
3255 1  4 2 13 3
3256 1  4 2 14 0
3257 1  4 2 14 1
3258 1  4 2 14 2
3259 1  4 2 14 3
3260 1  4 2 15 0
3261 1  4 2 15 1
3262 1  4 2 15 2
3263 1  4 2 15 3
3264 1  5 0  0 0
3265 1  5 0  0 1
3266 1  5 0  0 2
3267 1  5 0  0 3
3268 1  5 0  1 0
3269 1  5 0  1 1
3270 1  5 0  1 2
3271 1  5 0  1 3
3272 1  5 0  2 0
3273 1  5 0  2 1
3274 1  5 0  2 2
3275 1  5 0  2 3
3276 1  5 0  3 0
3277 1  5 0  3 1
3278 1  5 0  3 2
3279 1  5 0  3 3
3280 1  5 0  4 0
3281 1  5 0  4 1
3282 1  5 0  4 2
3283 1  5 0  4 3
3284 1  5 0  5 0
3285 1  5 0  5 1
3286 1  5 0  5 2
3287 1  5 0  5 3
3288 1  5 0  6 0
3289 1  5 0  6 1
3290 1  5 0  6 2
3291 1  5 0  6 3
3292 1  5 0  7 0
3293 1  5 0  7 1
3294 1  5 0  7 2
3295 1  5 0  7 3
3296 1  5 0  8 0
3297 1  5 0  8 1
3298 1  5 0  8 2
3299 1  5 0  8 3
3300 1  5 0  9 0
3301 1  5 0  9 1
3302 1  5 0  9 2
3303 1  5 0  9 3
3304 1  5 0 10 0
3305 1  5 0 10 1
3306 1  5 0 10 2
3307 1  5 0 10 3
3308 1  5 0 11 0
3309 1  5 0 11 1
3310 1  5 0 11 2
3311 1  5 0 11 3
3312 1  5 0 12 0
3313 1  5 0 12 1
3314 1  5 0 12 2
3315 1  5 0 12 3
3316 1  5 0 13 0
3317 1  5 0 13 1
3318 1  5 0 13 2
3319 1  5 0 13 3
3320 1  5 0 14 0
3321 1  5 0 14 1
3322 1  5 0 14 2
3323 1  5 0 14 3
3324 1  5 0 15 0
3325 1  5 0 15 1
3326 1  5 0 15 2
3327 1  5 0 15 3
3328 1  5 1  0 0
3329 1  5 1  0 1
3330 1  5 1  0 2
3331 1  5 1  0 3
3332 1  5 1  1 0
3333 1  5 1  1 1
3334 1  5 1  1 2
3335 1  5 1  1 3
3336 1  5 1  2 0
3337 1  5 1  2 1
3338 1  5 1  2 2
3339 1  5 1  2 3
3340 1  5 1  3 0
3341 1  5 1  3 1
3342 1  5 1  3 2
3343 1  5 1  3 3
3344 1  5 1  4 0
3345 1  5 1  4 1
3346 1  5 1  4 2
3347 1  5 1  4 3
3348 1  5 1  5 0
3349 1  5 1  5 1
3350 1  5 1  5 2
3351 1  5 1  5 3
3352 1  5 1  6 0
3353 1  5 1  6 1
3354 1  5 1  6 2
3355 1  5 1  6 3
3356 1  5 1  7 0
3357 1  5 1  7 1
3358 1  5 1  7 2
3359 1  5 1  7 3
3360 1  5 1  8 0
3361 1  5 1  8 1
3362 1  5 1  8 2
3363 1  5 1  8 3
3364 1  5 1  9 0
3365 1  5 1  9 1
3366 1  5 1  9 2
3367 1  5 1  9 3
3368 1  5 1 10 0
3369 1  5 1 10 1
3370 1  5 1 10 2
3371 1  5 1 10 3
3372 1  5 1 11 0
3373 1  5 1 11 1
3374 1  5 1 11 2
3375 1  5 1 11 3
3376 1  5 1 12 0
3377 1  5 1 12 1
3378 1  5 1 12 2
3379 1  5 1 12 3
3380 1  5 1 13 0
3381 1  5 1 13 1
3382 1  5 1 13 2
3383 1  5 1 13 3
3384 1  5 1 14 0
3385 1  5 1 14 1
3386 1  5 1 14 2
3387 1  5 1 14 3
3388 1  5 1 15 0
3389 1  5 1 15 1
3390 1  5 1 15 2
3391 1  5 1 15 3
3392 1  5 2  0 0
3393 1  5 2  0 1
3394 1  5 2  0 2
3395 1  5 2  0 3
3396 1  5 2  1 0
3397 1  5 2  1 1
3398 1  5 2  1 2
3399 1  5 2  1 3
3400 1  5 2  2 0
3401 1  5 2  2 1
3402 1  5 2  2 2
3403 1  5 2  2 3
3404 1  5 2  3 0
3405 1  5 2  3 1
3406 1  5 2  3 2
3407 1  5 2  3 3
3408 1  5 2  4 0
3409 1  5 2  4 1
3410 1  5 2  4 2
3411 1  5 2  4 3
3412 1  5 2  5 0
3413 1  5 2  5 1
3414 1  5 2  5 2
3415 1  5 2  5 3
3416 1  5 2  6 0
3417 1  5 2  6 1
3418 1  5 2  6 2
3419 1  5 2  6 3
3420 1  5 2  7 0
3421 1  5 2  7 1
3422 1  5 2  7 2
3423 1  5 2  7 3
3424 1  5 2  8 0
3425 1  5 2  8 1
3426 1  5 2  8 2
3427 1  5 2  8 3
3428 1  5 2  9 0
3429 1  5 2  9 1
3430 1  5 2  9 2
3431 1  5 2  9 3
3432 1  5 2 10 0
3433 1  5 2 10 1
3434 1  5 2 10 2
3435 1  5 2 10 3
3436 1  5 2 11 0
3437 1  5 2 11 1
3438 1  5 2 11 2
3439 1  5 2 11 3
3440 1  5 2 12 0
3441 1  5 2 12 1
3442 1  5 2 12 2
3443 1  5 2 12 3
3444 1  5 2 13 0
3445 1  5 2 13 1
3446 1  5 2 13 2
3447 1  5 2 13 3
3448 1  5 2 14 0
3449 1  5 2 14 1
3450 1  5 2 14 2
3451 1  5 2 14 3
3452 1  5 2 15 0
3453 1  5 2 15 1
3454 1  5 2 15 2
3455 1  5 2 15 3
3456 1  6 0  0 0
3457 1  6 0  0 1
3458 1  6 0  0 2
3459 1  6 0  0 3
3460 1  6 0  1 0
3461 1  6 0  1 1
3462 1  6 0  1 2
3463 1  6 0  1 3
3464 1  6 0  2 0
3465 1  6 0  2 1
3466 1  6 0  2 2
3467 1  6 0  2 3
3468 1  6 0  3 0
3469 1  6 0  3 1
3470 1  6 0  3 2
3471 1  6 0  3 3
3472 1  6 0  4 0
3473 1  6 0  4 1
3474 1  6 0  4 2
3475 1  6 0  4 3
3476 1  6 0  5 0
3477 1  6 0  5 1
3478 1  6 0  5 2
3479 1  6 0  5 3
3480 1  6 0  6 0
3481 1  6 0  6 1
3482 1  6 0  6 2
3483 1  6 0  6 3
3484 1  6 0  7 0
3485 1  6 0  7 1
3486 1  6 0  7 2
3487 1  6 0  7 3
3488 1  6 0  8 0
3489 1  6 0  8 1
3490 1  6 0  8 2
3491 1  6 0  8 3
3492 1  6 0  9 0
3493 1  6 0  9 1
3494 1  6 0  9 2
3495 1  6 0  9 3
3496 1  6 0 10 0
3497 1  6 0 10 1
3498 1  6 0 10 2
3499 1  6 0 10 3
3500 1  6 0 11 0
3501 1  6 0 11 1
3502 1  6 0 11 2
3503 1  6 0 11 3
3504 1  6 0 12 0
3505 1  6 0 12 1
3506 1  6 0 12 2
3507 1  6 0 12 3
3508 1  6 0 13 0
3509 1  6 0 13 1
3510 1  6 0 13 2
3511 1  6 0 13 3
3512 1  6 0 14 0
3513 1  6 0 14 1
3514 1  6 0 14 2
3515 1  6 0 14 3
3516 1  6 0 15 0
3517 1  6 0 15 1
3518 1  6 0 15 2
3519 1  6 0 15 3
3520 1  6 1  0 0
3521 1  6 1  0 1
3522 1  6 1  0 2
3523 1  6 1  0 3
3524 1  6 1  1 0
3525 1  6 1  1 1
3526 1  6 1  1 2
3527 1  6 1  1 3
3528 1  6 1  2 0
3529 1  6 1  2 1
3530 1  6 1  2 2
3531 1  6 1  2 3
3532 1  6 1  3 0
3533 1  6 1  3 1
3534 1  6 1  3 2
3535 1  6 1  3 3
3536 1  6 1  4 0
3537 1  6 1  4 1
3538 1  6 1  4 2
3539 1  6 1  4 3
3540 1  6 1  5 0
3541 1  6 1  5 1
3542 1  6 1  5 2
3543 1  6 1  5 3
3544 1  6 1  6 0
3545 1  6 1  6 1
3546 1  6 1  6 2
3547 1  6 1  6 3
3548 1  6 1  7 0
3549 1  6 1  7 1
3550 1  6 1  7 2
3551 1  6 1  7 3
3552 1  6 1  8 0
3553 1  6 1  8 1
3554 1  6 1  8 2
3555 1  6 1  8 3
3556 1  6 1  9 0
3557 1  6 1  9 1
3558 1  6 1  9 2
3559 1  6 1  9 3
3560 1  6 1 10 0
3561 1  6 1 10 1
3562 1  6 1 10 2
3563 1  6 1 10 3
3564 1  6 1 11 0
3565 1  6 1 11 1
3566 1  6 1 11 2
3567 1  6 1 11 3
3568 1  6 1 12 0
3569 1  6 1 12 1
3570 1  6 1 12 2
3571 1  6 1 12 3
3572 1  6 1 13 0
3573 1  6 1 13 1
3574 1  6 1 13 2
3575 1  6 1 13 3
3576 1  6 1 14 0
3577 1  6 1 14 1
3578 1  6 1 14 2
3579 1  6 1 14 3
3580 1  6 1 15 0
3581 1  6 1 15 1
3582 1  6 1 15 2
3583 1  6 1 15 3
3584 1  6 2  0 0
3585 1  6 2  0 1
3586 1  6 2  0 2
3587 1  6 2  0 3
3588 1  6 2  1 0
3589 1  6 2  1 1
3590 1  6 2  1 2
3591 1  6 2  1 3
3592 1  6 2  2 0
3593 1  6 2  2 1
3594 1  6 2  2 2
3595 1  6 2  2 3
3596 1  6 2  3 0
3597 1  6 2  3 1
3598 1  6 2  3 2
3599 1  6 2  3 3
3600 1  6 2  4 0
3601 1  6 2  4 1
3602 1  6 2  4 2
3603 1  6 2  4 3
3604 1  6 2  5 0
3605 1  6 2  5 1
3606 1  6 2  5 2
3607 1  6 2  5 3
3608 1  6 2  6 0
3609 1  6 2  6 1
3610 1  6 2  6 2
3611 1  6 2  6 3
3612 1  6 2  7 0
3613 1  6 2  7 1
3614 1  6 2  7 2
3615 1  6 2  7 3
3616 1  6 2  8 0
3617 1  6 2  8 1
3618 1  6 2  8 2
3619 1  6 2  8 3
3620 1  6 2  9 0
3621 1  6 2  9 1
3622 1  6 2  9 2
3623 1  6 2  9 3
3624 1  6 2 10 0
3625 1  6 2 10 1
3626 1  6 2 10 2
3627 1  6 2 10 3
3628 1  6 2 11 0
3629 1  6 2 11 1
3630 1  6 2 11 2
3631 1  6 2 11 3
3632 1  6 2 12 0
3633 1  6 2 12 1
3634 1  6 2 12 2
3635 1  6 2 12 3
3636 1  6 2 13 0
3637 1  6 2 13 1
3638 1  6 2 13 2
3639 1  6 2 13 3
3640 1  6 2 14 0
3641 1  6 2 14 1
3642 1  6 2 14 2
3643 1  6 2 14 3
3644 1  6 2 15 0
3645 1  6 2 15 1
3646 1  6 2 15 2
3647 1  6 2 15 3
3648 1  7 0  0 0
3649 1  7 0  0 1
3650 1  7 0  0 2
3651 1  7 0  0 3
3652 1  7 0  1 0
3653 1  7 0  1 1
3654 1  7 0  1 2
3655 1  7 0  1 3
3656 1  7 0  2 0
3657 1  7 0  2 1
3658 1  7 0  2 2
3659 1  7 0  2 3
3660 1  7 0  3 0
3661 1  7 0  3 1
3662 1  7 0  3 2
3663 1  7 0  3 3
3664 1  7 0  4 0
3665 1  7 0  4 1
3666 1  7 0  4 2
3667 1  7 0  4 3
3668 1  7 0  5 0
3669 1  7 0  5 1
3670 1  7 0  5 2
3671 1  7 0  5 3
3672 1  7 0  6 0
3673 1  7 0  6 1
3674 1  7 0  6 2
3675 1  7 0  6 3
3676 1  7 0  7 0
3677 1  7 0  7 1
3678 1  7 0  7 2
3679 1  7 0  7 3
3680 1  7 0  8 0
3681 1  7 0  8 1
3682 1  7 0  8 2
3683 1  7 0  8 3
3684 1  7 0  9 0
3685 1  7 0  9 1
3686 1  7 0  9 2
3687 1  7 0  9 3
3688 1  7 0 10 0
3689 1  7 0 10 1
3690 1  7 0 10 2
3691 1  7 0 10 3
3692 1  7 0 11 0
3693 1  7 0 11 1
3694 1  7 0 11 2
3695 1  7 0 11 3
3696 1  7 0 12 0
3697 1  7 0 12 1
3698 1  7 0 12 2
3699 1  7 0 12 3
3700 1  7 0 13 0
3701 1  7 0 13 1
3702 1  7 0 13 2
3703 1  7 0 13 3
3704 1  7 0 14 0
3705 1  7 0 14 1
3706 1  7 0 14 2
3707 1  7 0 14 3
3708 1  7 0 15 0
3709 1  7 0 15 1
3710 1  7 0 15 2
3711 1  7 0 15 3
3712 1  7 1  0 0
3713 1  7 1  0 1
3714 1  7 1  0 2
3715 1  7 1  0 3
3716 1  7 1  1 0
3717 1  7 1  1 1
3718 1  7 1  1 2
3719 1  7 1  1 3
3720 1  7 1  2 0
3721 1  7 1  2 1
3722 1  7 1  2 2
3723 1  7 1  2 3
3724 1  7 1  3 0
3725 1  7 1  3 1
3726 1  7 1  3 2
3727 1  7 1  3 3
3728 1  7 1  4 0
3729 1  7 1  4 1
3730 1  7 1  4 2
3731 1  7 1  4 3
3732 1  7 1  5 0
3733 1  7 1  5 1
3734 1  7 1  5 2
3735 1  7 1  5 3
3736 1  7 1  6 0
3737 1  7 1  6 1
3738 1  7 1  6 2
3739 1  7 1  6 3
3740 1  7 1  7 0
3741 1  7 1  7 1
3742 1  7 1  7 2
3743 1  7 1  7 3
3744 1  7 1  8 0
3745 1  7 1  8 1
3746 1  7 1  8 2
3747 1  7 1  8 3
3748 1  7 1  9 0
3749 1  7 1  9 1
3750 1  7 1  9 2
3751 1  7 1  9 3
3752 1  7 1 10 0
3753 1  7 1 10 1
3754 1  7 1 10 2
3755 1  7 1 10 3
3756 1  7 1 11 0
3757 1  7 1 11 1
3758 1  7 1 11 2
3759 1  7 1 11 3
3760 1  7 1 12 0
3761 1  7 1 12 1
3762 1  7 1 12 2
3763 1  7 1 12 3
3764 1  7 1 13 0
3765 1  7 1 13 1
3766 1  7 1 13 2
3767 1  7 1 13 3
3768 1  7 1 14 0
3769 1  7 1 14 1
3770 1  7 1 14 2
3771 1  7 1 14 3
3772 1  7 1 15 0
3773 1  7 1 15 1
3774 1  7 1 15 2
3775 1  7 1 15 3
3776 1  7 2  0 0
3777 1  7 2  0 1
3778 1  7 2  0 2
3779 1  7 2  0 3
3780 1  7 2  1 0
3781 1  7 2  1 1
3782 1  7 2  1 2
3783 1  7 2  1 3
3784 1  7 2  2 0
3785 1  7 2  2 1
3786 1  7 2  2 2
3787 1  7 2  2 3
3788 1  7 2  3 0
3789 1  7 2  3 1
3790 1  7 2  3 2
3791 1  7 2  3 3
3792 1  7 2  4 0
3793 1  7 2  4 1
3794 1  7 2  4 2
3795 1  7 2  4 3
3796 1  7 2  5 0
3797 1  7 2  5 1
3798 1  7 2  5 2
3799 1  7 2  5 3
3800 1  7 2  6 0
3801 1  7 2  6 1
3802 1  7 2  6 2
3803 1  7 2  6 3
3804 1  7 2  7 0
3805 1  7 2  7 1
3806 1  7 2  7 2
3807 1  7 2  7 3
3808 1  7 2  8 0
3809 1  7 2  8 1
3810 1  7 2  8 2
3811 1  7 2  8 3
3812 1  7 2  9 0
3813 1  7 2  9 1
3814 1  7 2  9 2
3815 1  7 2  9 3
3816 1  7 2 10 0
3817 1  7 2 10 1
3818 1  7 2 10 2
3819 1  7 2 10 3
3820 1  7 2 11 0
3821 1  7 2 11 1
3822 1  7 2 11 2
3823 1  7 2 11 3
3824 1  7 2 12 0
3825 1  7 2 12 1
3826 1  7 2 12 2
3827 1  7 2 12 3
3828 1  7 2 13 0
3829 1  7 2 13 1
3830 1  7 2 13 2
3831 1  7 2 13 3
3832 1  7 2 14 0
3833 1  7 2 14 1
3834 1  7 2 14 2
3835 1  7 2 14 3
3836 1  7 2 15 0
3837 1  7 2 15 1
3838 1  7 2 15 2
3839 1  7 2 15 3
3840 1  8 0  0 0
3841 1  8 0  0 1
3842 1  8 0  0 2
3843 1  8 0  0 3
3844 1  8 0  1 0
3845 1  8 0  1 1
3846 1  8 0  1 2
3847 1  8 0  1 3
3848 1  8 0  2 0
3849 1  8 0  2 1
3850 1  8 0  2 2
3851 1  8 0  2 3
3852 1  8 0  3 0
3853 1  8 0  3 1
3854 1  8 0  3 2
3855 1  8 0  3 3
3856 1  8 0  4 0
3857 1  8 0  4 1
3858 1  8 0  4 2
3859 1  8 0  4 3
3860 1  8 0  5 0
3861 1  8 0  5 1
3862 1  8 0  5 2
3863 1  8 0  5 3
3864 1  8 0  6 0
3865 1  8 0  6 1
3866 1  8 0  6 2
3867 1  8 0  6 3
3868 1  8 0  7 0
3869 1  8 0  7 1
3870 1  8 0  7 2
3871 1  8 0  7 3
3872 1  8 0  8 0
3873 1  8 0  8 1
3874 1  8 0  8 2
3875 1  8 0  8 3
3876 1  8 0  9 0
3877 1  8 0  9 1
3878 1  8 0  9 2
3879 1  8 0  9 3
3880 1  8 0 10 0
3881 1  8 0 10 1
3882 1  8 0 10 2
3883 1  8 0 10 3
3884 1  8 0 11 0
3885 1  8 0 11 1
3886 1  8 0 11 2
3887 1  8 0 11 3
3888 1  8 0 12 0
3889 1  8 0 12 1
3890 1  8 0 12 2
3891 1  8 0 12 3
3892 1  8 0 13 0
3893 1  8 0 13 1
3894 1  8 0 13 2
3895 1  8 0 13 3
3896 1  8 0 14 0
3897 1  8 0 14 1
3898 1  8 0 14 2
3899 1  8 0 14 3
3900 1  8 0 15 0
3901 1  8 0 15 1
3902 1  8 0 15 2
3903 1  8 0 15 3
3904 1  8 1  0 0
3905 1  8 1  0 1
3906 1  8 1  0 2
3907 1  8 1  0 3
3908 1  8 1  1 0
3909 1  8 1  1 1
3910 1  8 1  1 2
3911 1  8 1  1 3
3912 1  8 1  2 0
3913 1  8 1  2 1
3914 1  8 1  2 2
3915 1  8 1  2 3
3916 1  8 1  3 0
3917 1  8 1  3 1
3918 1  8 1  3 2
3919 1  8 1  3 3
3920 1  8 1  4 0
3921 1  8 1  4 1
3922 1  8 1  4 2
3923 1  8 1  4 3
3924 1  8 1  5 0
3925 1  8 1  5 1
3926 1  8 1  5 2
3927 1  8 1  5 3
3928 1  8 1  6 0
3929 1  8 1  6 1
3930 1  8 1  6 2
3931 1  8 1  6 3
3932 1  8 1  7 0
3933 1  8 1  7 1
3934 1  8 1  7 2
3935 1  8 1  7 3
3936 1  8 1  8 0
3937 1  8 1  8 1
3938 1  8 1  8 2
3939 1  8 1  8 3
3940 1  8 1  9 0
3941 1  8 1  9 1
3942 1  8 1  9 2
3943 1  8 1  9 3
3944 1  8 1 10 0
3945 1  8 1 10 1
3946 1  8 1 10 2
3947 1  8 1 10 3
3948 1  8 1 11 0
3949 1  8 1 11 1
3950 1  8 1 11 2
3951 1  8 1 11 3
3952 1  8 1 12 0
3953 1  8 1 12 1
3954 1  8 1 12 2
3955 1  8 1 12 3
3956 1  8 1 13 0
3957 1  8 1 13 1
3958 1  8 1 13 2
3959 1  8 1 13 3
3960 1  8 1 14 0
3961 1  8 1 14 1
3962 1  8 1 14 2
3963 1  8 1 14 3
3964 1  8 1 15 0
3965 1  8 1 15 1
3966 1  8 1 15 2
3967 1  8 1 15 3
3968 1  8 2  0 0
3969 1  8 2  0 1
3970 1  8 2  0 2
3971 1  8 2  0 3
3972 1  8 2  1 0
3973 1  8 2  1 1
3974 1  8 2  1 2
3975 1  8 2  1 3
3976 1  8 2  2 0
3977 1  8 2  2 1
3978 1  8 2  2 2
3979 1  8 2  2 3
3980 1  8 2  3 0
3981 1  8 2  3 1
3982 1  8 2  3 2
3983 1  8 2  3 3
3984 1  8 2  4 0
3985 1  8 2  4 1
3986 1  8 2  4 2
3987 1  8 2  4 3
3988 1  8 2  5 0
3989 1  8 2  5 1
3990 1  8 2  5 2
3991 1  8 2  5 3
3992 1  8 2  6 0
3993 1  8 2  6 1
3994 1  8 2  6 2
3995 1  8 2  6 3
3996 1  8 2  7 0
3997 1  8 2  7 1
3998 1  8 2  7 2
3999 1  8 2  7 3
4000 1  8 2  8 0
4001 1  8 2  8 1
4002 1  8 2  8 2
4003 1  8 2  8 3
4004 1  8 2  9 0
4005 1  8 2  9 1
4006 1  8 2  9 2
4007 1  8 2  9 3
4008 1  8 2 10 0
4009 1  8 2 10 1
4010 1  8 2 10 2
4011 1  8 2 10 3
4012 1  8 2 11 0
4013 1  8 2 11 1
4014 1  8 2 11 2
4015 1  8 2 11 3
4016 1  8 2 12 0
4017 1  8 2 12 1
4018 1  8 2 12 2
4019 1  8 2 12 3
4020 1  8 2 13 0
4021 1  8 2 13 1
4022 1  8 2 13 2
4023 1  8 2 13 3
4024 1  8 2 14 0
4025 1  8 2 14 1
4026 1  8 2 14 2
4027 1  8 2 14 3
4028 1  8 2 15 0
4029 1  8 2 15 1
4030 1  8 2 15 2
4031 1  8 2 15 3
4032 1  9 0  0 0
4033 1  9 0  0 1
4034 1  9 0  0 2
4035 1  9 0  0 3
4036 1  9 0  1 0
4037 1  9 0  1 1
4038 1  9 0  1 2
4039 1  9 0  1 3
4040 1  9 0  2 0
4041 1  9 0  2 1
4042 1  9 0  2 2
4043 1  9 0  2 3
4044 1  9 0  3 0
4045 1  9 0  3 1
4046 1  9 0  3 2
4047 1  9 0  3 3
4048 1  9 0  4 0
4049 1  9 0  4 1
4050 1  9 0  4 2
4051 1  9 0  4 3
4052 1  9 0  5 0
4053 1  9 0  5 1
4054 1  9 0  5 2
4055 1  9 0  5 3
4056 1  9 0  6 0
4057 1  9 0  6 1
4058 1  9 0  6 2
4059 1  9 0  6 3
4060 1  9 0  7 0
4061 1  9 0  7 1
4062 1  9 0  7 2
4063 1  9 0  7 3
4064 1  9 0  8 0
4065 1  9 0  8 1
4066 1  9 0  8 2
4067 1  9 0  8 3
4068 1  9 0  9 0
4069 1  9 0  9 1
4070 1  9 0  9 2
4071 1  9 0  9 3
4072 1  9 0 10 0
4073 1  9 0 10 1
4074 1  9 0 10 2
4075 1  9 0 10 3
4076 1  9 0 11 0
4077 1  9 0 11 1
4078 1  9 0 11 2
4079 1  9 0 11 3
4080 1  9 0 12 0
4081 1  9 0 12 1
4082 1  9 0 12 2
4083 1  9 0 12 3
4084 1  9 0 13 0
4085 1  9 0 13 1
4086 1  9 0 13 2
4087 1  9 0 13 3
4088 1  9 0 14 0
4089 1  9 0 14 1
4090 1  9 0 14 2
4091 1  9 0 14 3
4092 1  9 0 15 0
4093 1  9 0 15 1
4094 1  9 0 15 2
4095 1  9 0 15 3
4096 1  9 1  0 0
4097 1  9 1  0 1
4098 1  9 1  0 2
4099 1  9 1  0 3
4100 1  9 1  1 0
4101 1  9 1  1 1
4102 1  9 1  1 2
4103 1  9 1  1 3
4104 1  9 1  2 0
4105 1  9 1  2 1
4106 1  9 1  2 2
4107 1  9 1  2 3
4108 1  9 1  3 0
4109 1  9 1  3 1
4110 1  9 1  3 2
4111 1  9 1  3 3
4112 1  9 1  4 0
4113 1  9 1  4 1
4114 1  9 1  4 2
4115 1  9 1  4 3
4116 1  9 1  5 0
4117 1  9 1  5 1
4118 1  9 1  5 2
4119 1  9 1  5 3
4120 1  9 1  6 0
4121 1  9 1  6 1
4122 1  9 1  6 2
4123 1  9 1  6 3
4124 1  9 1  7 0
4125 1  9 1  7 1
4126 1  9 1  7 2
4127 1  9 1  7 3
4128 1  9 1  8 0
4129 1  9 1  8 1
4130 1  9 1  8 2
4131 1  9 1  8 3
4132 1  9 1  9 0
4133 1  9 1  9 1
4134 1  9 1  9 2
4135 1  9 1  9 3
4136 1  9 1 10 0
4137 1  9 1 10 1
4138 1  9 1 10 2
4139 1  9 1 10 3
4140 1  9 1 11 0
4141 1  9 1 11 1
4142 1  9 1 11 2
4143 1  9 1 11 3
4144 1  9 1 12 0
4145 1  9 1 12 1
4146 1  9 1 12 2
4147 1  9 1 12 3
4148 1  9 1 13 0
4149 1  9 1 13 1
4150 1  9 1 13 2
4151 1  9 1 13 3
4152 1  9 1 14 0
4153 1  9 1 14 1
4154 1  9 1 14 2
4155 1  9 1 14 3
4156 1  9 1 15 0
4157 1  9 1 15 1
4158 1  9 1 15 2
4159 1  9 1 15 3
4160 1  9 2  0 0
4161 1  9 2  0 1
4162 1  9 2  0 2
4163 1  9 2  0 3
4164 1  9 2  1 0
4165 1  9 2  1 1
4166 1  9 2  1 2
4167 1  9 2  1 3
4168 1  9 2  2 0
4169 1  9 2  2 1
4170 1  9 2  2 2
4171 1  9 2  2 3
4172 1  9 2  3 0
4173 1  9 2  3 1
4174 1  9 2  3 2
4175 1  9 2  3 3
4176 1  9 2  4 0
4177 1  9 2  4 1
4178 1  9 2  4 2
4179 1  9 2  4 3
4180 1  9 2  5 0
4181 1  9 2  5 1
4182 1  9 2  5 2
4183 1  9 2  5 3
4184 1  9 2  6 0
4185 1  9 2  6 1
4186 1  9 2  6 2
4187 1  9 2  6 3
4188 1  9 2  7 0
4189 1  9 2  7 1
4190 1  9 2  7 2
4191 1  9 2  7 3
4192 1  9 2  8 0
4193 1  9 2  8 1
4194 1  9 2  8 2
4195 1  9 2  8 3
4196 1  9 2  9 0
4197 1  9 2  9 1
4198 1  9 2  9 2
4199 1  9 2  9 3
4200 1  9 2 10 0
4201 1  9 2 10 1
4202 1  9 2 10 2
4203 1  9 2 10 3
4204 1  9 2 11 0
4205 1  9 2 11 1
4206 1  9 2 11 2
4207 1  9 2 11 3
4208 1  9 2 12 0
4209 1  9 2 12 1
4210 1  9 2 12 2
4211 1  9 2 12 3
4212 1  9 2 13 0
4213 1  9 2 13 1
4214 1  9 2 13 2
4215 1  9 2 13 3
4216 1  9 2 14 0
4217 1  9 2 14 1
4218 1  9 2 14 2
4219 1  9 2 14 3
4220 1  9 2 15 0
4221 1  9 2 15 1
4222 1  9 2 15 2
4223 1  9 2 15 3
4224 1 10 0  0 0
4225 1 10 0  0 1
4226 1 10 0  0 2
4227 1 10 0  0 3
4228 1 10 0  1 0
4229 1 10 0  1 1
4230 1 10 0  1 2
4231 1 10 0  1 3
4232 1 10 0  2 0
4233 1 10 0  2 1
4234 1 10 0  2 2
4235 1 10 0  2 3
4236 1 10 0  3 0
4237 1 10 0  3 1
4238 1 10 0  3 2
4239 1 10 0  3 3
4240 1 10 0  4 0
4241 1 10 0  4 1
4242 1 10 0  4 2
4243 1 10 0  4 3
4244 1 10 0  5 0
4245 1 10 0  5 1
4246 1 10 0  5 2
4247 1 10 0  5 3
4248 1 10 0  6 0
4249 1 10 0  6 1
4250 1 10 0  6 2
4251 1 10 0  6 3
4252 1 10 0  7 0
4253 1 10 0  7 1
4254 1 10 0  7 2
4255 1 10 0  7 3
4256 1 10 0  8 0
4257 1 10 0  8 1
4258 1 10 0  8 2
4259 1 10 0  8 3
4260 1 10 0  9 0
4261 1 10 0  9 1
4262 1 10 0  9 2
4263 1 10 0  9 3
4264 1 10 0 10 0
4265 1 10 0 10 1
4266 1 10 0 10 2
4267 1 10 0 10 3
4268 1 10 0 11 0
4269 1 10 0 11 1
4270 1 10 0 11 2
4271 1 10 0 11 3
4272 1 10 0 12 0
4273 1 10 0 12 1
4274 1 10 0 12 2
4275 1 10 0 12 3
4276 1 10 0 13 0
4277 1 10 0 13 1
4278 1 10 0 13 2
4279 1 10 0 13 3
4280 1 10 0 14 0
4281 1 10 0 14 1
4282 1 10 0 14 2
4283 1 10 0 14 3
4284 1 10 0 15 0
4285 1 10 0 15 1
4286 1 10 0 15 2
4287 1 10 0 15 3
4288 1 10 1  0 0
4289 1 10 1  0 1
4290 1 10 1  0 2
4291 1 10 1  0 3
4292 1 10 1  1 0
4293 1 10 1  1 1
4294 1 10 1  1 2
4295 1 10 1  1 3
4296 1 10 1  2 0
4297 1 10 1  2 1
4298 1 10 1  2 2
4299 1 10 1  2 3
4300 1 10 1  3 0
4301 1 10 1  3 1
4302 1 10 1  3 2
4303 1 10 1  3 3
4304 1 10 1  4 0
4305 1 10 1  4 1
4306 1 10 1  4 2
4307 1 10 1  4 3
4308 1 10 1  5 0
4309 1 10 1  5 1
4310 1 10 1  5 2
4311 1 10 1  5 3
4312 1 10 1  6 0
4313 1 10 1  6 1
4314 1 10 1  6 2
4315 1 10 1  6 3
4316 1 10 1  7 0
4317 1 10 1  7 1
4318 1 10 1  7 2
4319 1 10 1  7 3
4320 1 10 1  8 0
4321 1 10 1  8 1
4322 1 10 1  8 2
4323 1 10 1  8 3
4324 1 10 1  9 0
4325 1 10 1  9 1
4326 1 10 1  9 2
4327 1 10 1  9 3
4328 1 10 1 10 0
4329 1 10 1 10 1
4330 1 10 1 10 2
4331 1 10 1 10 3
4332 1 10 1 11 0
4333 1 10 1 11 1
4334 1 10 1 11 2
4335 1 10 1 11 3
4336 1 10 1 12 0
4337 1 10 1 12 1
4338 1 10 1 12 2
4339 1 10 1 12 3
4340 1 10 1 13 0
4341 1 10 1 13 1
4342 1 10 1 13 2
4343 1 10 1 13 3
4344 1 10 1 14 0
4345 1 10 1 14 1
4346 1 10 1 14 2
4347 1 10 1 14 3
4348 1 10 1 15 0
4349 1 10 1 15 1
4350 1 10 1 15 2
4351 1 10 1 15 3
4352 1 10 2  0 0
4353 1 10 2  0 1
4354 1 10 2  0 2
4355 1 10 2  0 3
4356 1 10 2  1 0
4357 1 10 2  1 1
4358 1 10 2  1 2
4359 1 10 2  1 3
4360 1 10 2  2 0
4361 1 10 2  2 1
4362 1 10 2  2 2
4363 1 10 2  2 3
4364 1 10 2  3 0
4365 1 10 2  3 1
4366 1 10 2  3 2
4367 1 10 2  3 3
4368 1 10 2  4 0
4369 1 10 2  4 1
4370 1 10 2  4 2
4371 1 10 2  4 3
4372 1 10 2  5 0
4373 1 10 2  5 1
4374 1 10 2  5 2
4375 1 10 2  5 3
4376 1 10 2  6 0
4377 1 10 2  6 1
4378 1 10 2  6 2
4379 1 10 2  6 3
4380 1 10 2  7 0
4381 1 10 2  7 1
4382 1 10 2  7 2
4383 1 10 2  7 3
4384 1 10 2  8 0
4385 1 10 2  8 1
4386 1 10 2  8 2
4387 1 10 2  8 3
4388 1 10 2  9 0
4389 1 10 2  9 1
4390 1 10 2  9 2
4391 1 10 2  9 3
4392 1 10 2 10 0
4393 1 10 2 10 1
4394 1 10 2 10 2
4395 1 10 2 10 3
4396 1 10 2 11 0
4397 1 10 2 11 1
4398 1 10 2 11 2
4399 1 10 2 11 3
4400 1 10 2 12 0
4401 1 10 2 12 1
4402 1 10 2 12 2
4403 1 10 2 12 3
4404 1 10 2 13 0
4405 1 10 2 13 1
4406 1 10 2 13 2
4407 1 10 2 13 3
4408 1 10 2 14 0
4409 1 10 2 14 1
4410 1 10 2 14 2
4411 1 10 2 14 3
4412 1 10 2 15 0
4413 1 10 2 15 1
4414 1 10 2 15 2
4415 1 10 2 15 3
4416 1 11 0  0 0
4417 1 11 0  0 1
4418 1 11 0  0 2
4419 1 11 0  0 3
4420 1 11 0  1 0
4421 1 11 0  1 1
4422 1 11 0  1 2
4423 1 11 0  1 3
4424 1 11 0  2 0
4425 1 11 0  2 1
4426 1 11 0  2 2
4427 1 11 0  2 3
4428 1 11 0  3 0
4429 1 11 0  3 1
4430 1 11 0  3 2
4431 1 11 0  3 3
4432 1 11 0  4 0
4433 1 11 0  4 1
4434 1 11 0  4 2
4435 1 11 0  4 3
4436 1 11 0  5 0
4437 1 11 0  5 1
4438 1 11 0  5 2
4439 1 11 0  5 3
4440 1 11 0  6 0
4441 1 11 0  6 1
4442 1 11 0  6 2
4443 1 11 0  6 3
4444 1 11 0  7 0
4445 1 11 0  7 1
4446 1 11 0  7 2
4447 1 11 0  7 3
4448 1 11 0  8 0
4449 1 11 0  8 1
4450 1 11 0  8 2
4451 1 11 0  8 3
4452 1 11 0  9 0
4453 1 11 0  9 1
4454 1 11 0  9 2
4455 1 11 0  9 3
4456 1 11 0 10 0
4457 1 11 0 10 1
4458 1 11 0 10 2
4459 1 11 0 10 3
4460 1 11 0 11 0
4461 1 11 0 11 1
4462 1 11 0 11 2
4463 1 11 0 11 3
4464 1 11 0 12 0
4465 1 11 0 12 1
4466 1 11 0 12 2
4467 1 11 0 12 3
4468 1 11 0 13 0
4469 1 11 0 13 1
4470 1 11 0 13 2
4471 1 11 0 13 3
4472 1 11 0 14 0
4473 1 11 0 14 1
4474 1 11 0 14 2
4475 1 11 0 14 3
4476 1 11 0 15 0
4477 1 11 0 15 1
4478 1 11 0 15 2
4479 1 11 0 15 3
4480 1 11 1  0 0
4481 1 11 1  0 1
4482 1 11 1  0 2
4483 1 11 1  0 3
4484 1 11 1  1 0
4485 1 11 1  1 1
4486 1 11 1  1 2
4487 1 11 1  1 3
4488 1 11 1  2 0
4489 1 11 1  2 1
4490 1 11 1  2 2
4491 1 11 1  2 3
4492 1 11 1  3 0
4493 1 11 1  3 1
4494 1 11 1  3 2
4495 1 11 1  3 3
4496 1 11 1  4 0
4497 1 11 1  4 1
4498 1 11 1  4 2
4499 1 11 1  4 3
4500 1 11 1  5 0
4501 1 11 1  5 1
4502 1 11 1  5 2
4503 1 11 1  5 3
4504 1 11 1  6 0
4505 1 11 1  6 1
4506 1 11 1  6 2
4507 1 11 1  6 3
4508 1 11 1  7 0
4509 1 11 1  7 1
4510 1 11 1  7 2
4511 1 11 1  7 3
4512 1 11 1  8 0
4513 1 11 1  8 1
4514 1 11 1  8 2
4515 1 11 1  8 3
4516 1 11 1  9 0
4517 1 11 1  9 1
4518 1 11 1  9 2
4519 1 11 1  9 3
4520 1 11 1 10 0
4521 1 11 1 10 1
4522 1 11 1 10 2
4523 1 11 1 10 3
4524 1 11 1 11 0
4525 1 11 1 11 1
4526 1 11 1 11 2
4527 1 11 1 11 3
4528 1 11 1 12 0
4529 1 11 1 12 1
4530 1 11 1 12 2
4531 1 11 1 12 3
4532 1 11 1 13 0
4533 1 11 1 13 1
4534 1 11 1 13 2
4535 1 11 1 13 3
4536 1 11 1 14 0
4537 1 11 1 14 1
4538 1 11 1 14 2
4539 1 11 1 14 3
4540 1 11 1 15 0
4541 1 11 1 15 1
4542 1 11 1 15 2
4543 1 11 1 15 3
4544 1 11 2  0 0
4545 1 11 2  0 1
4546 1 11 2  0 2
4547 1 11 2  0 3
4548 1 11 2  1 0
4549 1 11 2  1 1
4550 1 11 2  1 2
4551 1 11 2  1 3
4552 1 11 2  2 0
4553 1 11 2  2 1
4554 1 11 2  2 2
4555 1 11 2  2 3
4556 1 11 2  3 0
4557 1 11 2  3 1
4558 1 11 2  3 2
4559 1 11 2  3 3
4560 1 11 2  4 0
4561 1 11 2  4 1
4562 1 11 2  4 2
4563 1 11 2  4 3
4564 1 11 2  5 0
4565 1 11 2  5 1
4566 1 11 2  5 2
4567 1 11 2  5 3
4568 1 11 2  6 0
4569 1 11 2  6 1
4570 1 11 2  6 2
4571 1 11 2  6 3
4572 1 11 2  7 0
4573 1 11 2  7 1
4574 1 11 2  7 2
4575 1 11 2  7 3
4576 1 11 2  8 0
4577 1 11 2  8 1
4578 1 11 2  8 2
4579 1 11 2  8 3
4580 1 11 2  9 0
4581 1 11 2  9 1
4582 1 11 2  9 2
4583 1 11 2  9 3
4584 1 11 2 10 0
4585 1 11 2 10 1
4586 1 11 2 10 2
4587 1 11 2 10 3
4588 1 11 2 11 0
4589 1 11 2 11 1
4590 1 11 2 11 2
4591 1 11 2 11 3
4592 1 11 2 12 0
4593 1 11 2 12 1
4594 1 11 2 12 2
4595 1 11 2 12 3
4596 1 11 2 13 0
4597 1 11 2 13 1
4598 1 11 2 13 2
4599 1 11 2 13 3
4600 1 11 2 14 0
4601 1 11 2 14 1
4602 1 11 2 14 2
4603 1 11 2 14 3
4604 1 11 2 15 0
4605 1 11 2 15 1
4606 1 11 2 15 2
4607 1 11 2 15 3
